########

	Model: Bengio URNN with ~6500 parameters on

#Task:
 # Copying Task with T=1000

########

0.0	2.80819
128.0	1.66538
256.0	0.592529
384.0	1.82936
512.0	0.954116
640.0	0.796086
768.0	0.668231
896.0	0.567079
1024.0	0.482907
1152.0	0.414445
1280.0	0.359968
1408.0	0.315801
1536.0	0.280666
1664.0	0.252495
1792.0	0.228386
1920.0	0.20953
2048.0	0.193153
2176.0	0.181085
2304.0	0.169876
2432.0	0.161559
2560.0	0.153822
2688.0	0.147484
2816.0	0.141847
2944.0	0.137813
3072.0	0.134044
3200.0	0.130912
3328.0	0.12807
3456.0	0.126015
3584.0	0.123922
3712.0	0.121751
3840.0	0.121744
3968.0	0.119434
4096.0	0.118917
4224.0	0.117775
4352.0	0.116266
4480.0	0.115882
4608.0	0.114297
4736.0	0.114285
4864.0	0.113883
4992.0	0.112616
5120.0	0.112474
5248.0	0.111865
5376.0	0.110617
5504.0	0.110421
5632.0	0.109996
5760.0	0.109875
5888.0	0.108836
6016.0	0.108701
6144.0	0.10743
6272.0	0.107015
6400.0	0.106683
6528.0	0.105293
6656.0	0.105248
6784.0	0.105242
6912.0	0.103961
7040.0	0.10271
7168.0	0.102704
7296.0	0.102061
7424.0	0.101734
7552.0	0.101017
7680.0	0.09976
7808.0	0.10015
7936.0	0.0978367
8064.0	0.0988673
8192.0	0.0973458
8320.0	0.0963982
8448.0	0.0952628
8576.0	0.0951436
8704.0	0.0945451
8832.0	0.0936587
8960.0	0.0928114
9088.0	0.0920806
9216.0	0.0921197
9344.0	0.0908245
9472.0	0.0896679
9600.0	0.0896205
9728.0	0.0893617
9856.0	0.088409
9984.0	0.0875045
10112.0	0.0873039
10240.0	0.0864202
10368.0	0.0857881
10496.0	0.0851052
10624.0	0.0846351
10752.0	0.0836727
10880.0	0.0833994
11008.0	0.0826567
11136.0	0.082214
11264.0	0.0818435
11392.0	0.0814506
11520.0	0.0807224
11648.0	0.0799957
11776.0	0.0795567
11904.0	0.0791759
12032.0	0.0786046
12160.0	0.0783457
12288.0	0.0781056
12416.0	0.0781561
12544.0	0.077298
12672.0	0.0775235
12800.0	0.0767254
12928.0	0.0759548
13056.0	0.0752056
13184.0	0.0747157
13312.0	0.0745846
13440.0	0.0744426
13568.0	0.0738263
13696.0	0.0736547
13824.0	0.0735601
13952.0	0.0752016
14080.0	0.0733262
14208.0	0.0741589
14336.0	0.0715992
14464.0	0.0711165
14592.0	0.0702205
14720.0	0.0700739
14848.0	0.0698622
14976.0	0.069317
15104.0	0.0696985
15232.0	0.0720327
15360.0	0.071647
15488.0	0.072497
15616.0	0.0681501
15744.0	0.0675865
15872.0	0.0667967
16000.0	0.0664292
16128.0	0.0662833
16256.0	0.0663571
16384.0	0.0663442
16512.0	0.0683193
16640.0	0.0694664
16768.0	0.0733474
16896.0	0.065394
17024.0	0.0646625
17152.0	0.0638037
17280.0	0.0634376
17408.0	0.0631712
17536.0	0.0626214
17664.0	0.0625021
17792.0	0.0636022
17920.0	0.0624274
18048.0	0.0634271
18176.0	0.0620092
18304.0	0.0631099
18432.0	0.0625124
18560.0	0.0664438
18688.0	0.059893
18816.0	0.0599373
18944.0	0.0587238
19072.0	0.0589722
19200.0	0.0583538
19328.0	0.0584758
19456.0	0.0575386
19584.0	0.0604602
19712.0	0.0604596
19840.0	0.062596
19968.0	0.0558264
20096.0	0.0551119
20224.0	0.0541818
20352.0	0.0534473
20480.0	0.0529564
20608.0	0.0532626
20736.0	0.0528117
20864.0	0.0522418
20992.0	0.0517638
21120.0	0.0463902
21248.0	0.253003
21376.0	0.0644296
21504.0	0.0584469
21632.0	0.0554342
21760.0	0.0536776
21888.0	0.0524703
22016.0	0.0516391
22144.0	0.0509859
22272.0	0.0506006
22400.0	0.0503094
22528.0	0.0499232
22656.0	0.0494325
22784.0	0.0491689
22912.0	0.0488772
23040.0	0.0483761
23168.0	0.0481597
23296.0	0.0477522
23424.0	0.0472362
23552.0	0.0468024
23680.0	0.0460879
23808.0	0.0444351
23936.0	0.0452942
24064.0	0.0580684
24192.0	0.0473677
24320.0	0.0450694
24448.0	0.0404066
24576.0	0.04955
24704.0	0.0544901
24832.0	0.046857
24960.0	0.0458495
25088.0	0.0454248
25216.0	0.0449622
25344.0	0.0445952
25472.0	0.0443067
25600.0	0.043853
25728.0	0.0432878
25856.0	0.0429558
25984.0	0.04241
26112.0	0.0420667
26240.0	0.0416077
26368.0	0.0411374
26496.0	0.0408592
26624.0	0.040482
26752.0	0.0399878
26880.0	0.0394268
27008.0	0.0391981
27136.0	0.0388689
27264.0	0.0388405
27392.0	0.0423272
27520.0	0.0500235
27648.0	0.068232
27776.0	0.0388504
27904.0	0.0372499
28032.0	0.0368459
28160.0	0.0363046
28288.0	0.0360067
28416.0	0.0356447
28544.0	0.0352505
28672.0	0.0348914
28800.0	0.0346752
28928.0	0.0341775
29056.0	0.0338981
29184.0	0.0335918
29312.0	0.0333872
29440.0	0.0334173
29568.0	0.0345846
29696.0	0.0379681
29824.0	0.0403875
29952.0	0.0336315
30080.0	0.0336437
30208.0	0.0319018
30336.0	0.0315497
30464.0	0.030995
30592.0	0.030766
30720.0	0.030464
30848.0	0.0301257
30976.0	0.0301458
31104.0	0.0311814
31232.0	0.0316688
31360.0	0.0301988
31488.0	0.0451656
31616.0	1.27917
31744.0	1.81112
31872.0	0.201433
32000.0	0.110894
32128.0	0.0805932
32256.0	0.0654682
32384.0	0.0569537
32512.0	0.0509238
32640.0	0.0474336
32768.0	0.0442554
32896.0	0.0420941
33024.0	0.040166
33152.0	0.0389808
33280.0	0.0377634
33408.0	0.036767
33536.0	0.0358125
33664.0	0.0351385
33792.0	0.0344273
33920.0	0.0339398
34048.0	0.0334903
34176.0	0.0331319
34304.0	0.0328164
34432.0	0.0322987
34560.0	0.0321335
34688.0	0.0318792
34816.0	0.0314458
34944.0	0.0312815
35072.0	0.0308974
35200.0	0.0307259
35328.0	0.0307236
35456.0	0.0305398
35584.0	0.0303114
35712.0	0.0300739
35840.0	0.029853
35968.0	0.0297755
36096.0	0.0295451
36224.0	0.0294615
36352.0	0.0295251
36480.0	0.0292921
36608.0	0.0290954
36736.0	0.0288193
36864.0	0.0288629
36992.0	0.028541
37120.0	0.028416
37248.0	0.0282404
37376.0	0.0283154
37504.0	0.0279309
37632.0	0.0280253
37760.0	0.0278814
37888.0	0.0276172
38016.0	0.0276278
38144.0	0.0274735
38272.0	0.0273572
38400.0	0.027353
38528.0	0.027047
38656.0	0.026998
38784.0	0.0267829
38912.0	0.0267468
39040.0	0.0265301
39168.0	0.0264716
39296.0	0.0262858
39424.0	0.0263528
39552.0	0.0261335
39680.0	0.026041
39808.0	0.0259499
39936.0	0.0258695
40064.0	0.0256854
40192.0	0.0257114
40320.0	0.0255624
40448.0	0.0255342
40576.0	0.0254762
40704.0	0.025252
40832.0	0.0251589
40960.0	0.0250852
41088.0	0.0251032
41216.0	0.0250887
41344.0	0.024911
41472.0	0.0248385
41600.0	0.0247967
41728.0	0.0246693
41856.0	0.0246018
41984.0	0.024597
42112.0	0.0243911
42240.0	0.0244503
42368.0	0.0243372
42496.0	0.0242263
42624.0	0.0242518
42752.0	0.0241116
42880.0	0.0239638
43008.0	0.023892
43136.0	0.0238977
43264.0	0.0237855
43392.0	0.0237372
43520.0	0.0236519
43648.0	0.0235943
43776.0	0.0234451
43904.0	0.0235225
44032.0	0.0237587
44160.0	0.0240194
44288.0	0.0239313
44416.0	0.0244315
44544.0	0.0257321
44672.0	0.0254475
44800.0	0.0253133
44928.0	0.0249065
45056.0	0.0232093
45184.0	0.023054
45312.0	0.0228425
45440.0	0.0229298
45568.0	0.0228063
45696.0	0.0227681
45824.0	0.0226891
45952.0	0.022682
46080.0	0.0226174
46208.0	0.0226048
46336.0	0.0225126
46464.0	0.022442
46592.0	0.0225281
46720.0	0.0225419
46848.0	0.0230224
46976.0	0.0235467
47104.0	0.0237343
47232.0	0.027714
47360.0	0.0367472
47488.0	0.0305496
47616.0	0.0221708
47744.0	0.022118
47872.0	0.0221201
48000.0	0.0220951
48128.0	0.0219726
48256.0	0.021998
48384.0	0.0219331
48512.0	0.021982
48640.0	0.021885
48768.0	0.0219291
48896.0	0.0218144
49024.0	0.0219091
49152.0	0.0218299
49280.0	0.0218001
49408.0	0.0217719
49536.0	0.0217491
49664.0	0.0217373
49792.0	0.0216771
49920.0	0.0216707
50048.0	0.0216253
50176.0	0.0215627
50304.0	0.021658
50432.0	0.0215684
50560.0	0.021546
50688.0	0.0215034
50816.0	0.0215278
50944.0	0.0215244
51072.0	0.021489
51200.0	0.0214549
51328.0	0.0214263
51456.0	0.0214136
51584.0	0.0213232
51712.0	0.0213658
51840.0	0.0213812
51968.0	0.0213541
52096.0	0.0215286
52224.0	0.0215248
52352.0	0.021209
52480.0	0.0220329
52608.0	0.0229394
52736.0	0.0225975
52864.0	0.0216546
52992.0	0.0212213
53120.0	0.02124
53248.0	0.0209009
53376.0	0.0217385
53504.0	0.0211585
53632.0	0.0212149
53760.0	0.0211158
53888.0	0.0209951
54016.0	0.0212206
54144.0	0.0211436
54272.0	0.0210878
54400.0	0.0210405
54528.0	0.0210511
54656.0	0.0209788
54784.0	0.0209666
54912.0	0.0207938
55040.0	0.0206753
55168.0	0.022226
55296.0	0.0337236
55424.0	0.0230558
55552.0	0.0212225
55680.0	0.0211127
55808.0	0.0210247
55936.0	0.0210291
56064.0	0.0209445
56192.0	0.0209464
56320.0	0.0209255
56448.0	0.0209545
56576.0	0.0209123
56704.0	0.0209216
56832.0	0.0212522
56960.0	0.020944
57088.0	0.0209007
57216.0	0.0208864
57344.0	0.0208841
57472.0	0.0208871
57600.0	0.0208376
57728.0	0.0208677
57856.0	0.0208318
57984.0	0.0208176
58112.0	0.0208191
58240.0	0.0208099
58368.0	0.0208124
58496.0	0.0207798
58624.0	0.020732
58752.0	0.020655
58880.0	0.0211273
59008.0	0.0209831
59136.0	0.0207652
59264.0	0.0207246
59392.0	0.0207377
59520.0	0.0207245
59648.0	0.0202625
59776.0	0.0205877
59904.0	0.0211173
60032.0	0.0207421
60160.0	0.0207954
60288.0	0.0207571
60416.0	0.0207369
60544.0	0.0207151
60672.0	0.0207138
60800.0	0.0207269
60928.0	0.0207093
61056.0	0.0206709
61184.0	0.0206718
61312.0	0.0206459
61440.0	0.0206797
61568.0	0.0207233
61696.0	0.0206589
61824.0	0.0206008
61952.0	0.0204315
62080.0	0.0203466
62208.0	0.0226294
62336.0	0.0219696
62464.0	0.0206963
62592.0	0.0205677
62720.0	0.0206712
62848.0	0.0206068
62976.0	0.0206314
63104.0	0.0206433
63232.0	0.0205479
63360.0	0.0203901
63488.0	0.0202968
63616.0	0.0207267
63744.0	0.0207295
63872.0	0.0210443
64000.0	0.0206767
64128.0	0.0205859
64256.0	0.0205658
64384.0	0.0205692
64512.0	0.0205937
64640.0	0.0205732
64768.0	0.0206022
64896.0	0.0205964
65024.0	0.0206113
65152.0	0.0205615
65280.0	0.0204926
65408.0	0.0203631
65536.0	0.0199461
65664.0	0.0210659
65792.0	0.0207809
65920.0	0.0207208
66048.0	0.0206845
66176.0	0.0205544
66304.0	0.0205665
66432.0	0.020539
66560.0	0.0204991
66688.0	0.0205259
66816.0	0.0205242
66944.0	0.020517
67072.0	0.0205083
67200.0	0.020543
67328.0	0.0205373
67456.0	0.0205313
67584.0	0.020521
67712.0	0.0205286
67840.0	0.0205147
67968.0	0.0205221
68096.0	0.0205096
68224.0	0.0204992
68352.0	0.0204465
68480.0	0.0204706
68608.0	0.0205874
68736.0	0.0205501
68864.0	0.0206112
68992.0	0.0205649
69120.0	0.020523
69248.0	0.0204806
69376.0	0.0204922
69504.0	0.0205049
69632.0	0.0204895
69760.0	0.0204956
69888.0	0.0205254
70016.0	0.0204772
70144.0	0.0204851
70272.0	0.0204983
70400.0	0.0204692
70528.0	0.0205111
70656.0	0.0204551
70784.0	0.020484
70912.0	0.0204785
71040.0	0.0204894
71168.0	0.020478
71296.0	0.020493
71424.0	0.0204624
71552.0	0.0205012
71680.0	0.0204782
71808.0	0.0204744
71936.0	0.0205045
72064.0	0.0204893
72192.0	0.020452
72320.0	0.0204489
72448.0	0.0204657
72576.0	0.0204731
72704.0	0.0204265
72832.0	0.0204598
72960.0	0.0204683
73088.0	0.0204526
73216.0	0.0204794
73344.0	0.0205273
73472.0	0.020592
73600.0	0.020506
73728.0	0.0204152
73856.0	0.0204782
73984.0	0.020447
74112.0	0.0204597
74240.0	0.020451
74368.0	0.0204387
74496.0	0.0204427
74624.0	0.0204893
74752.0	0.0204876
74880.0	0.020461
75008.0	0.0204739
75136.0	0.0204086
75264.0	0.0201194
75392.0	0.0202182
75520.0	0.0202649
75648.0	0.0202755
75776.0	0.0220861
75904.0	0.0202928
76032.0	0.0204017
76160.0	0.020071
76288.0	0.0205415
76416.0	0.0212759
76544.0	0.0204244
76672.0	0.0204445
76800.0	0.0204405
76928.0	0.0201894
77056.0	0.0221021
77184.0	0.0211986
77312.0	0.0206509
77440.0	0.0204702
77568.0	0.0204651
77696.0	0.020423
77824.0	0.0204558
77952.0	0.0204446
78080.0	0.020445
78208.0	0.0204564
78336.0	0.0204394
78464.0	0.0204361
78592.0	0.0204605
78720.0	0.020418
78848.0	0.0204432
78976.0	0.0204473
79104.0	0.0204382
79232.0	0.0204474
79360.0	0.0204552
79488.0	0.0204315
79616.0	0.0204472
79744.0	0.0204388
79872.0	0.0204414
80000.0	0.02041
80128.0	0.0204395
80256.0	0.0204389
80384.0	0.0204567
80512.0	0.020429
80640.0	0.0204418
80768.0	0.0204121
80896.0	0.0204681
81024.0	0.0203702
81152.0	0.0204354
81280.0	0.0204148
81408.0	0.0204616
81536.0	0.0204167
81664.0	0.0204394
81792.0	0.0204138
81920.0	0.0204276
82048.0	0.0204444
82176.0	0.0204144
82304.0	0.0204025
82432.0	0.0204034
82560.0	0.0204198
82688.0	0.0204208
82816.0	0.0204421
82944.0	0.02037
83072.0	0.0207624
83200.0	0.0202669
83328.0	0.0212357
83456.0	0.0205034
83584.0	0.0204275
83712.0	0.0203821
83840.0	0.0202723
83968.0	0.020245
84096.0	0.0203163
84224.0	0.0201448
84352.0	0.0202752
84480.0	0.0214718
84608.0	0.0206791
84736.0	0.0204533
84864.0	0.0204188
84992.0	0.0204143
85120.0	0.0204032
85248.0	0.0203741
85376.0	0.0204191
85504.0	0.02042
85632.0	0.0204484
85760.0	0.0204032
85888.0	0.0204278
86016.0	0.020408
86144.0	0.0204152
86272.0	0.0204157
86400.0	0.0203801
86528.0	0.0204565
86656.0	0.020418
86784.0	0.0204208
86912.0	0.0204444
87040.0	0.0204066
87168.0	0.0204188
87296.0	0.0203977
87424.0	0.0204023
87552.0	0.0204585
87680.0	0.0204185
87808.0	0.0204096
87936.0	0.0204469
88064.0	0.0204225
88192.0	0.0203858
88320.0	0.0204156
88448.0	0.0204269
88576.0	0.0204062
88704.0	0.020397
88832.0	0.020438
88960.0	0.0204307
89088.0	0.0202852
89216.0	0.0198719
89344.0	0.0236659
89472.0	0.02085
89600.0	0.021265
89728.0	0.020329
89856.0	0.0202094
89984.0	0.0201754
90112.0	0.0201074
90240.0	0.0204963
90368.0	0.0204919
90496.0	0.020311
90624.0	0.0205472
90752.0	0.0203725
90880.0	0.0202169
91008.0	0.020336
91136.0	0.020013
91264.0	0.0200401
91392.0	0.0202813
91520.0	0.0203292
91648.0	0.0199227
91776.0	0.0213053
91904.0	0.0202869
92032.0	0.0208055
92160.0	0.020411
92288.0	0.0203892
92416.0	0.0204349
92544.0	0.0204535
92672.0	0.0204691
92800.0	0.0203933
92928.0	0.0204236
93056.0	0.020432
93184.0	0.0204235
93312.0	0.0204202
93440.0	0.0204072
93568.0	0.0203988
93696.0	0.0204506
93824.0	0.0204232
93952.0	0.0204001
94080.0	0.0204207
94208.0	0.0204204
94336.0	0.0204172
94464.0	0.020406
94592.0	0.0204455
94720.0	0.020403
94848.0	0.0203991
94976.0	0.0204219
95104.0	0.0204058
95232.0	0.0204138
95360.0	0.0204232
95488.0	0.0203937
95616.0	0.0203853
95744.0	0.0204161
95872.0	0.0204105
96000.0	0.0203818
96128.0	0.020387
96256.0	0.020383
96384.0	0.0204967
96512.0	0.0204294
96640.0	0.0204299
96768.0	0.0204148
96896.0	0.0204365
97024.0	0.0203867
97152.0	0.0205002
97280.0	0.0204301
97408.0	0.0204062
97536.0	0.0204224
97664.0	0.0203999
97792.0	0.0203325
97920.0	0.0209307
98048.0	0.0204511
98176.0	0.0204246
98304.0	0.020431
98432.0	0.0204372
98560.0	0.0204067
98688.0	0.0203912
98816.0	0.0204361
98944.0	0.0204568
99072.0	0.0203874
99200.0	0.0203839
99328.0	0.0204172
99456.0	0.0204273
99584.0	0.020428
99712.0	0.0204301
99840.0	0.0204299
99968.0	0.0203971
100096.0	0.0204231
100224.0	0.0203814
100352.0	0.0204333
100480.0	0.0204021
100608.0	0.0204238
100736.0	0.0204156
100864.0	0.0204012
100992.0	0.0204062
101120.0	0.0203913
101248.0	0.0203935
101376.0	0.0204078
101504.0	0.0204457
101632.0	0.0204061
101760.0	0.0204011
101888.0	0.0204506
102016.0	0.0204197
102144.0	0.0204349
102272.0	0.0203986
102400.0	0.0204189
102528.0	0.0203857
102656.0	0.0204103
102784.0	0.0204507
102912.0	0.0204127
103040.0	0.0204244
103168.0	0.0204004
103296.0	0.020405
103424.0	0.0204164
103552.0	0.0204256
103680.0	0.0204418
103808.0	0.0204339
103936.0	0.0204209
104064.0	0.0203451
104192.0	0.0202982
104320.0	0.0208557
104448.0	0.0203967
104576.0	0.0203998
104704.0	0.0204534
104832.0	0.0204538
104960.0	0.0204239
105088.0	0.020401
105216.0	0.0204167
105344.0	0.0203831
105472.0	0.0204283
105600.0	0.0204138
105728.0	0.0204084
105856.0	0.0203975
105984.0	0.0204204
106112.0	0.0204049
106240.0	0.0204187
106368.0	0.0203742
106496.0	0.0204218
106624.0	0.0204185
106752.0	0.0204598
106880.0	0.0204215
107008.0	0.0204221
107136.0	0.0204347
107264.0	0.0203778
107392.0	0.0204031
107520.0	0.0204694
107648.0	0.0204019
107776.0	0.0204135
107904.0	0.0204431
108032.0	0.0204269
108160.0	0.0204018
108288.0	0.0204048
108416.0	0.0204097
108544.0	0.0204207
108672.0	0.0204252
108800.0	0.0204261
108928.0	0.0204557
109056.0	0.0204144
109184.0	0.0204238
109312.0	0.0204194
109440.0	0.0203971
109568.0	0.0204447
109696.0	0.0204208
109824.0	0.0204115
109952.0	0.0204077
110080.0	0.0204095
110208.0	0.0204061
110336.0	0.0204092
110464.0	0.0203908
110592.0	0.0204154
110720.0	0.020421
110848.0	0.020414
110976.0	0.0204025
111104.0	0.0204042
111232.0	0.0203894
111360.0	0.0204113
111488.0	0.0204179
111616.0	0.0204176
111744.0	0.0203958
111872.0	0.020413
112000.0	0.0204388
112128.0	0.0204257
112256.0	0.0203709
112384.0	0.020423
112512.0	0.0204278
112640.0	0.0203845
112768.0	0.0204468
112896.0	0.0204119
113024.0	0.020403
113152.0	0.020392
113280.0	0.0204103
113408.0	0.0204279
113536.0	0.0204089
113664.0	0.0204137
113792.0	0.0204565
113920.0	0.0204173
114048.0	0.020385
114176.0	0.0204111
114304.0	0.0203722
114432.0	0.0204213
114560.0	0.0203947
114688.0	0.0204115
114816.0	0.0204192
114944.0	0.0204264
115072.0	0.0204099
115200.0	0.0204455
115328.0	0.0204079
115456.0	0.0203906
115584.0	0.0204296
115712.0	0.0204096
115840.0	0.0204061
115968.0	0.0204052
116096.0	0.0204064
116224.0	0.0204285
116352.0	0.0204242
116480.0	0.0204167
116608.0	0.0204255
116736.0	0.0204059
116864.0	0.0204287
116992.0	0.0204218
117120.0	0.0204024
117248.0	0.0204019
117376.0	0.0204253
117504.0	0.0203996
117632.0	0.0204101
117760.0	0.0204311
117888.0	0.020418
118016.0	0.0204453
118144.0	0.0203862
118272.0	0.0203873
118400.0	0.020406
118528.0	0.0203883
118656.0	0.0204559
118784.0	0.0204411
118912.0	0.0203969
119040.0	0.0204646
119168.0	0.0203971
119296.0	0.0204254
119424.0	0.0204148
119552.0	0.0203955
119680.0	0.0204394
119808.0	0.0204168
119936.0	0.0203949
120064.0	0.0204064
120192.0	0.0204136
120320.0	0.0204054
120448.0	0.0203787
120576.0	0.0204365
120704.0	0.0204143
120832.0	0.0204179
120960.0	0.0204045
121088.0	0.0203793
121216.0	0.0204101
121344.0	0.0204826
121472.0	0.02039
121600.0	0.0204173
121728.0	0.0204027
121856.0	0.0204145
121984.0	0.0204319
122112.0	0.0203954
122240.0	0.0203997
122368.0	0.0204333
122496.0	0.0204265
122624.0	0.0204294
122752.0	0.0204129
122880.0	0.0204027
123008.0	0.0203964
123136.0	0.020398
123264.0	0.0204124
123392.0	0.0204317
123520.0	0.0203911
123648.0	0.0204191
123776.0	0.0204234
123904.0	0.0203762
124032.0	0.0204404
124160.0	0.0204008
124288.0	0.0203999
124416.0	0.0204237
124544.0	0.020393
124672.0	0.0204848
124800.0	0.0203825
124928.0	0.0203901
125056.0	0.020434
125184.0	0.0204395
125312.0	0.0203967
125440.0	0.0204495
125568.0	0.020384
125696.0	0.0203861
125824.0	0.0204228
125952.0	0.0204595
126080.0	0.0204471
126208.0	0.0203947
126336.0	0.0203927
126464.0	0.0204427
126592.0	0.0204122
126720.0	0.0203973
126848.0	0.0204059
126976.0	0.0204016
127104.0	0.0204359
127232.0	0.0204127
127360.0	0.0204131
127488.0	0.0204173
127616.0	0.0204068
127744.0	0.0203772
127872.0	0.0203991
128000.0	0.0204118
128128.0	0.0204488
128256.0	0.0204078
128384.0	0.0204371
128512.0	0.0204095
128640.0	0.0203686
128768.0	0.0204118
128896.0	0.0204135
129024.0	0.0204339
129152.0	0.0204083
129280.0	0.0204053
129408.0	0.0204175
129536.0	0.0204082
129664.0	0.0204143
129792.0	0.0204207
129920.0	0.0203707
130048.0	0.0204197
130176.0	0.0204257
130304.0	0.0204133
130432.0	0.0204128
130560.0	0.0204167
130688.0	0.0204119
130816.0	0.0204169
130944.0	0.0204027
131072.0	0.0204159
131200.0	0.0203811
131328.0	0.0204233
131456.0	0.0203834
131584.0	0.0204058
131712.0	0.0203921
131840.0	0.0204328
131968.0	0.0204133
132096.0	0.0204011
132224.0	0.0203913
132352.0	0.0204079
132480.0	0.0204055
132608.0	0.0204072
132736.0	0.0204235
132864.0	0.0204148
132992.0	0.0204342
133120.0	0.0203899
133248.0	0.0204174
133376.0	0.0204137
133504.0	0.0204149
133632.0	0.0204099
133760.0	0.0203941
133888.0	0.0204058
134016.0	0.0204037
134144.0	0.02041
134272.0	0.0204064
134400.0	0.0204164
134528.0	0.0204081
134656.0	0.0204103
134784.0	0.0204122
134912.0	0.0203879
135040.0	0.0204144
135168.0	0.0203964
135296.0	0.0203768
135424.0	0.0204495
135552.0	0.0203973
135680.0	0.0203943
135808.0	0.0203995
135936.0	0.0203973
136064.0	0.0204053
136192.0	0.0203971
136320.0	0.0203935
136448.0	0.0204369
136576.0	0.0203983
136704.0	0.0203862
136832.0	0.0203903
136960.0	0.020427
137088.0	0.0203989
137216.0	0.0204078
137344.0	0.0203961
137472.0	0.0204284
137600.0	0.020413
137728.0	0.0204301
137856.0	0.02041
137984.0	0.0203985
138112.0	0.0204096
138240.0	0.0204004
138368.0	0.0203834
138496.0	0.0204104
138624.0	0.0203985
138752.0	0.0204045
138880.0	0.020416
139008.0	0.0204096
139136.0	0.020435
139264.0	0.0203999
139392.0	0.0204042
139520.0	0.020391
139648.0	0.020394
139776.0	0.0203944
139904.0	0.0204212
140032.0	0.0204138
140160.0	0.0204169
140288.0	0.0203918
140416.0	0.0204228
140544.0	0.0204334
140672.0	0.0203946
140800.0	0.0204061
140928.0	0.0203943
141056.0	0.0203879
141184.0	0.0204222
141312.0	0.0204167
141440.0	0.0204023
141568.0	0.0204103
141696.0	0.0204119
141824.0	0.0203771
141952.0	0.0204181
142080.0	0.0204077
142208.0	0.020412
142336.0	0.0204117
142464.0	0.020395
142592.0	0.0204214
142720.0	0.0203784
142848.0	0.0204061
142976.0	0.0204121
143104.0	0.020422
143232.0	0.0204273
143360.0	0.0204207
143488.0	0.0204013
143616.0	0.02041
143744.0	0.0203636
143872.0	0.0204384
144000.0	0.0203809
144128.0	0.0204275
144256.0	0.020419
144384.0	0.0204007
144512.0	0.0204177
144640.0	0.0203922
144768.0	0.0203992
144896.0	0.0203974
145024.0	0.020399
145152.0	0.0204015
145280.0	0.0203944
145408.0	0.0204102
145536.0	0.0204035
145664.0	0.0203886
145792.0	0.020398
145920.0	0.0203969
146048.0	0.0203799
146176.0	0.0204234
146304.0	0.0204208
146432.0	0.0203812
146560.0	0.0204481
146688.0	0.0204027
146816.0	0.0204143
146944.0	0.0204129
147072.0	0.0203677
147200.0	0.0203935
147328.0	0.020395
147456.0	0.0204041
147584.0	0.0204132
147712.0	0.0203876
147840.0	0.0204145
147968.0	0.0203819
148096.0	0.0204183
148224.0	0.0204056
148352.0	0.0204017
148480.0	0.0204387
148608.0	0.0204035
148736.0	0.0204085
148864.0	0.0203812
148992.0	0.0203656
149120.0	0.020391
149248.0	0.0203954
149376.0	0.0204307
149504.0	0.0204055
149632.0	0.0204131
149760.0	0.0203702
149888.0	0.0204103
150016.0	0.0204075
150144.0	0.0203914
150272.0	0.0204032
150400.0	0.0204456
150528.0	0.0204319
150656.0	0.0204022
150784.0	0.0204132
150912.0	0.0204026
151040.0	0.0203956
151168.0	0.0203999
151296.0	0.020422
151424.0	0.0204333
151552.0	0.0204095
151680.0	0.0203804
151808.0	0.0203943
151936.0	0.020429
152064.0	0.020384
152192.0	0.0204304
152320.0	0.0203669
152448.0	0.020387
152576.0	0.0204432
152704.0	0.0203919
152832.0	0.0203912
152960.0	0.0203864
153088.0	0.0203818
153216.0	0.0203973
153344.0	0.0204102
153472.0	0.0204132
153600.0	0.0204121
153728.0	0.0203985
153856.0	0.0203802
153984.0	0.0203894
154112.0	0.0204386
154240.0	0.0204008
154368.0	0.0203826
154496.0	0.0204233
154624.0	0.0203854
154752.0	0.0203908
154880.0	0.0204149
155008.0	0.0203867
155136.0	0.0204045
155264.0	0.0204215
155392.0	0.020404
155520.0	0.020358
155648.0	0.0204076
155776.0	0.0204334
155904.0	0.0204268
156032.0	0.0203864
156160.0	0.0204229
156288.0	0.0203713
156416.0	0.0204236
156544.0	0.0204124
156672.0	0.0204154
156800.0	0.0204234
156928.0	0.0203986
157056.0	0.0203912
157184.0	0.020396
157312.0	0.0204081
157440.0	0.0203919
157568.0	0.0204094
157696.0	0.0204317
157824.0	0.0203889
157952.0	0.0203899
158080.0	0.020387
158208.0	0.0203997
158336.0	0.0204132
158464.0	0.0203963
158592.0	0.020439
158720.0	0.0204039
158848.0	0.0203803
158976.0	0.0204395
159104.0	0.0203893
159232.0	0.0204002
159360.0	0.0204181
159488.0	0.0203694
159616.0	0.0203981
159744.0	0.0203918
159872.0	0.0203998
160000.0	0.0203967
160128.0	0.0204616
160256.0	0.0204148
160384.0	0.0204088
160512.0	0.0203929
160640.0	0.020378
160768.0	0.0204042
160896.0	0.020415
161024.0	0.0203864
161152.0	0.0204081
161280.0	0.0203796
161408.0	0.0204011
161536.0	0.0203964
161664.0	0.0203986
161792.0	0.0204051
161920.0	0.0203917
162048.0	0.0204068
162176.0	0.0204132
162304.0	0.0203949
162432.0	0.0203801
162560.0	0.0203964
162688.0	0.0204261
162816.0	0.0203878
162944.0	0.0204022
163072.0	0.0204351
163200.0	0.0204013
163328.0	0.0203925
163456.0	0.0203974
163584.0	0.0203983
163712.0	0.0204013
163840.0	0.0203813
163968.0	0.0203851
164096.0	0.0203974
164224.0	0.0203702
164352.0	0.0203949
164480.0	0.0204078
164608.0	0.0204098
164736.0	0.0204227
164864.0	0.0204335
164992.0	0.0204264
165120.0	0.0204119
165248.0	0.0203971
165376.0	0.0204225
165504.0	0.0203769
165632.0	0.0203834
165760.0	0.0204273
165888.0	0.0204323
166016.0	0.0204025
166144.0	0.020386
166272.0	0.0204151
166400.0	0.0204008
166528.0	0.0203772
166656.0	0.0203804
166784.0	0.0203852
166912.0	0.0204092
167040.0	0.0203769
167168.0	0.0204147
167296.0	0.0204206
167424.0	0.0204063
167552.0	0.0204018
167680.0	0.0204123
167808.0	0.0203997
167936.0	0.0204121
168064.0	0.0204104
168192.0	0.0204079
168320.0	0.0203897
168448.0	0.0204097
168576.0	0.0203763
168704.0	0.0204215
168832.0	0.0203927
168960.0	0.0203777
169088.0	0.0204115
169216.0	0.0203932
169344.0	0.0203988
169472.0	0.0203902
169600.0	0.0203841
169728.0	0.020417
169856.0	0.0204141
169984.0	0.020408
170112.0	0.0203956
170240.0	0.0204172
170368.0	0.0203994
170496.0	0.0204175
170624.0	0.0203905
170752.0	0.0203939
170880.0	0.0204099
171008.0	0.0203973
171136.0	0.0204043
171264.0	0.0204055
171392.0	0.0203987
171520.0	0.0204137
171648.0	0.0204093
171776.0	0.0204013
171904.0	0.0204047
172032.0	0.0204049
172160.0	0.0203973
172288.0	0.0203822
172416.0	0.0204107
172544.0	0.0203864
172672.0	0.0203836
172800.0	0.0204153
172928.0	0.0204057
173056.0	0.0203716
173184.0	0.0204144
173312.0	0.0203792
173440.0	0.02043
173568.0	0.0204053
173696.0	0.0203848
173824.0	0.0203988
173952.0	0.0203912
174080.0	0.0204095
174208.0	0.020398
174336.0	0.0203879
174464.0	0.0204265
174592.0	0.0204055
174720.0	0.0204112
174848.0	0.0203947
174976.0	0.020383
175104.0	0.0203946
175232.0	0.0203785
175360.0	0.0203883
175488.0	0.0204171
175616.0	0.020425
175744.0	0.0203966
175872.0	0.0204002
176000.0	0.0204097
176128.0	0.0203819
176256.0	0.0204098
176384.0	0.0204031
176512.0	0.0204011
176640.0	0.0203823
176768.0	0.020386
176896.0	0.0204103
177024.0	0.0204042
177152.0	0.0203871
177280.0	0.0204082
177408.0	0.0204103
177536.0	0.0203998
177664.0	0.020396
177792.0	0.020413
177920.0	0.0203957
178048.0	0.0203922
178176.0	0.0204079
178304.0	0.0203843
178432.0	0.0204069
178560.0	0.0204183
178688.0	0.0204061
178816.0	0.0204042
178944.0	0.0204067
179072.0	0.0204113
179200.0	0.0204145
179328.0	0.0204194
179456.0	0.020392
179584.0	0.0203996
179712.0	0.0203955
179840.0	0.0204181
179968.0	0.0204003
180096.0	0.020402
180224.0	0.0204022
180352.0	0.0204078
180480.0	0.0203993
180608.0	0.0204142
180736.0	0.0203846
180864.0	0.0204374
180992.0	0.0203536
181120.0	0.0203977
181248.0	0.0203823
181376.0	0.0204132
181504.0	0.0203942
181632.0	0.0204101
181760.0	0.0203845
181888.0	0.0204053
182016.0	0.020424
182144.0	0.0203943
182272.0	0.020391
182400.0	0.0203975
182528.0	0.020387
182656.0	0.0204005
182784.0	0.0204196
182912.0	0.020383
183040.0	0.0203973
183168.0	0.0203902
183296.0	0.0203962
183424.0	0.0204039
183552.0	0.0204097
183680.0	0.020432
183808.0	0.0204019
183936.0	0.0203926
184064.0	0.020399
184192.0	0.0204131
184320.0	0.0203837
184448.0	0.0203777
184576.0	0.0204061
184704.0	0.0204049
184832.0	0.0203665
184960.0	0.0203914
185088.0	0.0203901
185216.0	0.0203684
185344.0	0.0204036
185472.0	0.0204012
185600.0	0.0204289
185728.0	0.0203923
185856.0	0.0203943
185984.0	0.0203916
186112.0	0.0203825
186240.0	0.0203971
186368.0	0.0203837
186496.0	0.0204304
186624.0	0.0204054
186752.0	0.0204016
186880.0	0.0204182
187008.0	0.0203946
187136.0	0.0203978
187264.0	0.0203864
187392.0	0.0203821
187520.0	0.0204047
187648.0	0.0204031
187776.0	0.0204028
187904.0	0.020432
188032.0	0.0204178
188160.0	0.0203827
188288.0	0.0204094
188416.0	0.020395
188544.0	0.0203879
188672.0	0.0203875
188800.0	0.0204113
188928.0	0.0204061
189056.0	0.0204027
189184.0	0.0204008
189312.0	0.0204
189440.0	0.0203952
189568.0	0.0204065
189696.0	0.020418
189824.0	0.0203914
189952.0	0.020422
190080.0	0.0204079
190208.0	0.0203836
190336.0	0.0203966
190464.0	0.0204269
190592.0	0.0203784
190720.0	0.0203971
190848.0	0.0203989
190976.0	0.0203754
191104.0	0.0203942
191232.0	0.020401
191360.0	0.0203933
191488.0	0.0204084
191616.0	0.0203824
191744.0	0.0203931
191872.0	0.0203734
192000.0	0.0204149
192128.0	0.0203864
192256.0	0.0204134
192384.0	0.0204138
192512.0	0.0204112
192640.0	0.0204163
192768.0	0.0203901
192896.0	0.0204124
193024.0	0.020414
193152.0	0.0204061
193280.0	0.0204147
193408.0	0.0203988
193536.0	0.0203863
193664.0	0.0204129
193792.0	0.0204016
193920.0	0.0203915
194048.0	0.0204064
194176.0	0.0204061
194304.0	0.0204083
194432.0	0.0204043
194560.0	0.0204288
194688.0	0.0203893
194816.0	0.0204039
194944.0	0.0204038
195072.0	0.020392
195200.0	0.0203903
195328.0	0.0204086
195456.0	0.0203978
195584.0	0.0203682
195712.0	0.0204022
195840.0	0.0203935
195968.0	0.020376
196096.0	0.0203728
196224.0	0.0204143
196352.0	0.0204189
196480.0	0.0203984
196608.0	0.0204001
196736.0	0.0204063
196864.0	0.0204204
196992.0	0.0204048
197120.0	0.0203886
197248.0	0.0204068
197376.0	0.0203952
197504.0	0.0204149
197632.0	0.0203998
197760.0	0.0203714
197888.0	0.020425
198016.0	0.0203973
198144.0	0.0204206
198272.0	0.0204028
198400.0	0.0203969
198528.0	0.0203876
198656.0	0.0203757
198784.0	0.0204112
198912.0	0.0204253
199040.0	0.0203849
199168.0	0.020379
199296.0	0.020392
199424.0	0.020408
199552.0	0.0204131
199680.0	0.0204251
199808.0	0.0204035
199936.0	0.0203819
200064.0	0.0204175
200192.0	0.0203782
200320.0	0.0204042
200448.0	0.0203852
200576.0	0.0204119
200704.0	0.0203923
200832.0	0.0203858
200960.0	0.0203958
201088.0	0.0203865
201216.0	0.0203897
201344.0	0.0203963
201472.0	0.0204256
201600.0	0.0204029
201728.0	0.0203827
201856.0	0.0204255
201984.0	0.020398
202112.0	0.0204077
202240.0	0.0203918
202368.0	0.0204132
202496.0	0.0203769
202624.0	0.0203979
202752.0	0.0204017
202880.0	0.0203908
203008.0	0.0203906
203136.0	0.0203822
203264.0	0.0203996
203392.0	0.0203871
203520.0	0.0203975
203648.0	0.0203712
203776.0	0.0204097
203904.0	0.0204008
204032.0	0.0204307
204160.0	0.0204097
204288.0	0.0204027
204416.0	0.0203988
204544.0	0.0203969
204672.0	0.020423
204800.0	0.0204167
204928.0	0.0204094
205056.0	0.0203962
205184.0	0.0203994
205312.0	0.0203774
205440.0	0.0204145
205568.0	0.0204094
205696.0	0.0203922
205824.0	0.0203855
205952.0	0.0204129
206080.0	0.0204
206208.0	0.020407
206336.0	0.0203792
206464.0	0.0203966
206592.0	0.0204069
206720.0	0.0203992
206848.0	0.0204286
206976.0	0.0203923
207104.0	0.0204097
207232.0	0.0203765
207360.0	0.0203983
207488.0	0.0204329
207616.0	0.0203895
207744.0	0.0204057
207872.0	0.0204311
208000.0	0.0204003
208128.0	0.0203894
208256.0	0.0203915
208384.0	0.0203985
208512.0	0.0204053
208640.0	0.0204029
208768.0	0.0203856
208896.0	0.0204266
209024.0	0.0204051
209152.0	0.0204091
209280.0	0.0203973
209408.0	0.0203764
209536.0	0.0204222
209664.0	0.0204164
209792.0	0.0204087
209920.0	0.0203895
210048.0	0.0204008
210176.0	0.0204109
210304.0	0.0203986
210432.0	0.0203821
210560.0	0.0203962
210688.0	0.0204112
210816.0	0.0204084
210944.0	0.020396
211072.0	0.0203885
211200.0	0.0203815
211328.0	0.0203927
211456.0	0.020421
211584.0	0.0203818
211712.0	0.0203797
211840.0	0.0204006
211968.0	0.0204024
212096.0	0.0204152
212224.0	0.0203689
212352.0	0.02041
212480.0	0.0204059
212608.0	0.0203873
212736.0	0.0204027
212864.0	0.0204172
212992.0	0.020384
213120.0	0.0203963
213248.0	0.0203985
213376.0	0.0204077
213504.0	0.0203962
213632.0	0.0203971
213760.0	0.0204114
213888.0	0.0203952
214016.0	0.0203842
214144.0	0.0204059
214272.0	0.0203777
214400.0	0.0203937
214528.0	0.020385
214656.0	0.0204002
214784.0	0.0204094
214912.0	0.0203964
215040.0	0.0204076
215168.0	0.0204096
215296.0	0.0203896
215424.0	0.0203953
215552.0	0.0204122
215680.0	0.0204006
215808.0	0.0203966
215936.0	0.0203908
216064.0	0.0204022
216192.0	0.0204035
216320.0	0.020406
216448.0	0.0204026
216576.0	0.0204033
216704.0	0.0203941
216832.0	0.0204043
216960.0	0.0204004
217088.0	0.0203948
217216.0	0.0203837
217344.0	0.02041
217472.0	0.0203892
217600.0	0.0203911
217728.0	0.0204205
217856.0	0.020394
217984.0	0.020405
218112.0	0.0203828
218240.0	0.0203922
218368.0	0.0203771
218496.0	0.0203827
218624.0	0.0204122
218752.0	0.0204176
218880.0	0.0203861
219008.0	0.0204339
219136.0	0.020384
219264.0	0.0204032
219392.0	0.0204078
219520.0	0.0203812
219648.0	0.0204161
219776.0	0.0204006
219904.0	0.0203916
220032.0	0.0203881
220160.0	0.0203896
220288.0	0.0203867
220416.0	0.0203896
220544.0	0.0203938
220672.0	0.0203878
220800.0	0.0204001
220928.0	0.020398
221056.0	0.0203873
221184.0	0.0203835
221312.0	0.0204441
221440.0	0.0203908
221568.0	0.0203977
221696.0	0.0203972
221824.0	0.0204039
221952.0	0.0204051
222080.0	0.0203789
222208.0	0.0203936
222336.0	0.0204163
222464.0	0.0203971
222592.0	0.0203945
222720.0	0.0203913
222848.0	0.020397
222976.0	0.020387
223104.0	0.0203989
223232.0	0.0204005
223360.0	0.0204068
223488.0	0.0203825
223616.0	0.0204038
223744.0	0.0204065
223872.0	0.0203836
224000.0	0.0204147
224128.0	0.020373
224256.0	0.0203957
224384.0	0.0203942
224512.0	0.0203814
224640.0	0.0204472
224768.0	0.0203733
224896.0	0.0203956
225024.0	0.0203965
225152.0	0.0204157
225280.0	0.0203901
225408.0	0.0204143
225536.0	0.0203998
225664.0	0.0203832
225792.0	0.0204247
225920.0	0.0204014
226048.0	0.0204152
226176.0	0.0203885
226304.0	0.0203879
226432.0	0.0204113
226560.0	0.0203968
226688.0	0.0203899
226816.0	0.0203959
226944.0	0.0203837
227072.0	0.0204184
227200.0	0.0203971
227328.0	0.0204013
227456.0	0.0204057
227584.0	0.0204001
227712.0	0.0203852
227840.0	0.0203863
227968.0	0.0203915
228096.0	0.0204197
228224.0	0.020403
228352.0	0.0203971
228480.0	0.0204038
228608.0	0.0203735
228736.0	0.0203951
228864.0	0.0204011
228992.0	0.0204081
229120.0	0.0204014
229248.0	0.0203913
229376.0	0.0204009
229504.0	0.0203981
229632.0	0.0204052
229760.0	0.0204034
229888.0	0.020375
230016.0	0.0204051
230144.0	0.0204027
230272.0	0.0204084
230400.0	0.0203969
230528.0	0.0203938
230656.0	0.0203939
230784.0	0.0204009
230912.0	0.0203977
231040.0	0.0204023
231168.0	0.02038
231296.0	0.0203926
231424.0	0.020388
231552.0	0.0203922
231680.0	0.0203893
231808.0	0.0204119
231936.0	0.0204057
232064.0	0.0203971
232192.0	0.0203952
232320.0	0.0203823
232448.0	0.0203903
232576.0	0.0203897
232704.0	0.020403
232832.0	0.0204029
232960.0	0.0204105
233088.0	0.0203926
233216.0	0.0204082
233344.0	0.0204116
233472.0	0.0204014
233600.0	0.0204076
233728.0	0.0203869
233856.0	0.0203929
233984.0	0.0203977
234112.0	0.0203937
234240.0	0.0203947
234368.0	0.0203925
234496.0	0.0203882
234624.0	0.0203959
234752.0	0.0204007
234880.0	0.0203863
235008.0	0.0203983
235136.0	0.0203961
235264.0	0.0203726
235392.0	0.0204202
235520.0	0.020385
235648.0	0.0203899
235776.0	0.0203918
235904.0	0.0203996
236032.0	0.0203869
236160.0	0.0203887
236288.0	0.0203901
236416.0	0.0204106
236544.0	0.0203913
236672.0	0.0203899
236800.0	0.0203777
236928.0	0.0204066
237056.0	0.0204079
237184.0	0.0203964
237312.0	0.0203808
237440.0	0.0204154
237568.0	0.0203976
237696.0	0.0204209
237824.0	0.0204129
237952.0	0.0203949
238080.0	0.0203904
238208.0	0.0203928
238336.0	0.0203845
238464.0	0.0203905
238592.0	0.0203923
238720.0	0.0203929
238848.0	0.0204023
238976.0	0.0204043
239104.0	0.0204097
239232.0	0.0203895
239360.0	0.0203933
239488.0	0.0203865
239616.0	0.0203934
239744.0	0.0203969
239872.0	0.020396
240000.0	0.0204039
240128.0	0.0204013
240256.0	0.0203934
240384.0	0.0203994
240512.0	0.0204076
240640.0	0.0204013
240768.0	0.0203965
240896.0	0.0203997
241024.0	0.0203829
241152.0	0.0203981
241280.0	0.0204017
241408.0	0.0204011
241536.0	0.0204053
241664.0	0.0204077
241792.0	0.020384
241920.0	0.0203951
242048.0	0.0203933
242176.0	0.0203998
242304.0	0.0203914
242432.0	0.0203827
242560.0	0.0204036
242688.0	0.0203825
242816.0	0.0203994
242944.0	0.0204071
243072.0	0.0203935
243200.0	0.0204115
243328.0	0.0203932
243456.0	0.0203964
243584.0	0.0204019
243712.0	0.0203721
243840.0	0.0204188
243968.0	0.0203877
244096.0	0.0204161
244224.0	0.0204096
244352.0	0.0204033
244480.0	0.0204069
244608.0	0.0203891
244736.0	0.0203884
244864.0	0.0203834
244992.0	0.0203934
245120.0	0.0203972
245248.0	0.0203797
245376.0	0.0204101
245504.0	0.0203956
245632.0	0.0203921
245760.0	0.0203873
245888.0	0.0203966
246016.0	0.0203724
246144.0	0.0204118
246272.0	0.0204157
246400.0	0.0203764
246528.0	0.0204332
246656.0	0.0203928
246784.0	0.02039
246912.0	0.020403
247040.0	0.0203711
247168.0	0.0203849
247296.0	0.0203868
247424.0	0.0203972
247552.0	0.0204047
247680.0	0.0203856
247808.0	0.0204052
247936.0	0.0203708
248064.0	0.020392
248192.0	0.020401
248320.0	0.0203991
248448.0	0.0204125
248576.0	0.0204004
248704.0	0.0204109
248832.0	0.0203828
248960.0	0.0203905
249088.0	0.0203931
249216.0	0.0203883
249344.0	0.0204058
249472.0	0.0204059
249600.0	0.020408
249728.0	0.0203821
249856.0	0.020399
249984.0	0.0203994
250112.0	0.0203897
250240.0	0.0203828
250368.0	0.0204107
250496.0	0.0204119
250624.0	0.0203854
250752.0	0.0204034
250880.0	0.0204044
251008.0	0.0203857
251136.0	0.0204
251264.0	0.0204108
251392.0	0.020413
251520.0	0.0203986
251648.0	0.0203755
251776.0	0.0203941
251904.0	0.0204153
252032.0	0.0203826
252160.0	0.0204117
252288.0	0.0203728
252416.0	0.0203868
252544.0	0.0204107
252672.0	0.0203894
252800.0	0.0203924
252928.0	0.0203768
253056.0	0.0203849
253184.0	0.0203847
253312.0	0.0203926
253440.0	0.0204047
253568.0	0.0204021
253696.0	0.0203921
253824.0	0.0203774
253952.0	0.0203686
254080.0	0.0204289
254208.0	0.0203946
254336.0	0.0203768
254464.0	0.0204112
254592.0	0.0203795
254720.0	0.0203818
254848.0	0.0204132
254976.0	0.0203885
255104.0	0.0204048
255232.0	0.0204121
255360.0	0.020383
255488.0	0.0203668
255616.0	0.0204003
255744.0	0.0204116
255872.0	0.0204138
256000.0	0.0203828
256128.0	0.0204084
256256.0	0.0203683
256384.0	0.0204067
256512.0	0.0204068
256640.0	0.0204095
256768.0	0.02041
256896.0	0.0203951
257024.0	0.020384
257152.0	0.0203919
257280.0	0.0204002
257408.0	0.0203819
257536.0	0.0204041
257664.0	0.0204165
257792.0	0.0203858
257920.0	0.0203914
258048.0	0.020391
258176.0	0.0203913
258304.0	0.0204017
258432.0	0.0203856
258560.0	0.0204228
258688.0	0.0203988
258816.0	0.0203881
258944.0	0.0204083
259072.0	0.0203848
259200.0	0.0203957
259328.0	0.0204124
259456.0	0.02037
259584.0	0.0203849
259712.0	0.0203829
259840.0	0.0204061
259968.0	0.0203923
260096.0	0.0204418
260224.0	0.0204083
260352.0	0.0203983
260480.0	0.0203934
260608.0	0.0203811
260736.0	0.0203891
260864.0	0.0204117
260992.0	0.0203824
261120.0	0.0203932
261248.0	0.0203824
261376.0	0.0203953
261504.0	0.0203932
261632.0	0.0203943
261760.0	0.0204096
261888.0	0.0203786
262016.0	0.020395
262144.0	0.0203987
262272.0	0.0203813
262400.0	0.020383
262528.0	0.0203853
262656.0	0.0204156
262784.0	0.020389
262912.0	0.020398
263040.0	0.0204222
263168.0	0.0204008
263296.0	0.0203906
263424.0	0.0203897
263552.0	0.0203967
263680.0	0.020391
263808.0	0.020375
263936.0	0.0203839
264064.0	0.0203896
264192.0	0.0203685
264320.0	0.020393
264448.0	0.0203962
264576.0	0.0204007
264704.0	0.0204123
264832.0	0.0204202
264960.0	0.0204259
265088.0	0.0204086
265216.0	0.0203885
265344.0	0.0204085
265472.0	0.0203714
265600.0	0.0203863
265728.0	0.0204149
265856.0	0.0204233
265984.0	0.020389
266112.0	0.0203888
266240.0	0.0204032
266368.0	0.0204005
266496.0	0.020374
266624.0	0.0203836
266752.0	0.0203883
266880.0	0.0204001
267008.0	0.0203787
267136.0	0.020412
267264.0	0.0204037
267392.0	0.0203994
267520.0	0.0204042
267648.0	0.0204057
267776.0	0.0203909
267904.0	0.0203917
268032.0	0.020408
268160.0	0.0203978
268288.0	0.0203865
268416.0	0.0203961
268544.0	0.0203814
268672.0	0.0204078
268800.0	0.0203884
268928.0	0.0203789
269056.0	0.0204066
269184.0	0.0203918
269312.0	0.0203944
269440.0	0.02039
269568.0	0.0203783
269696.0	0.0204022
269824.0	0.0204004
269952.0	0.0203964
270080.0	0.0203916
270208.0	0.0204047
270336.0	0.0203935
270464.0	0.0204055
270592.0	0.0203884
270720.0	0.0203881
270848.0	0.0204036
270976.0	0.0203982
271104.0	0.0204002
271232.0	0.0204034
271360.0	0.0203945
271488.0	0.0204058
271616.0	0.0203969
271744.0	0.0203991
271872.0	0.0203946
272000.0	0.0204114
272128.0	0.020401
272256.0	0.0203911
272384.0	0.0203981
272512.0	0.0203779
272640.0	0.0203866
272768.0	0.0204108
272896.0	0.0203982
273024.0	0.0203785
273152.0	0.0204206
273280.0	0.0203761
273408.0	0.0204149
273536.0	0.02039
273664.0	0.0203897
273792.0	0.0203808
273920.0	0.020388
274048.0	0.020402
274176.0	0.0203893
274304.0	0.0203781
274432.0	0.0204117
274560.0	0.0203969
274688.0	0.0203962
274816.0	0.0203962
274944.0	0.0203751
275072.0	0.020391
275200.0	0.020381
275328.0	0.0203799
275456.0	0.0204038
275584.0	0.0204142
275712.0	0.0203955
275840.0	0.0203935
275968.0	0.0204073
276096.0	0.020379
276224.0	0.0204072
276352.0	0.0203882
276480.0	0.0203932
276608.0	0.0203853
276736.0	0.0203937
276864.0	0.0204077
276992.0	0.0204048
277120.0	0.020385
277248.0	0.020406
277376.0	0.020396
277504.0	0.0203978
277632.0	0.0203898
277760.0	0.0204055
277888.0	0.0203827
278016.0	0.0203805
278144.0	0.0204016
278272.0	0.0203833
278400.0	0.0203977
278528.0	0.020409
278656.0	0.020395
278784.0	0.0203954
278912.0	0.0204012
279040.0	0.0204004
279168.0	0.0203953
279296.0	0.020409
279424.0	0.0203907
279552.0	0.0203908
279680.0	0.0203914
279808.0	0.02041
279936.0	0.0203981
280064.0	0.0203947
280192.0	0.0203906
280320.0	0.0204017
280448.0	0.0204019
280576.0	0.0204007
280704.0	0.020387
280832.0	0.0204194
280960.0	0.0203578
281088.0	0.0203909
281216.0	0.0203824
281344.0	0.0204081
281472.0	0.0203985
281600.0	0.020403
281728.0	0.0203805
281856.0	0.0203957
281984.0	0.0204034
282112.0	0.0203924
282240.0	0.0203912
282368.0	0.0203997
282496.0	0.02039
282624.0	0.0203923
282752.0	0.020409
282880.0	0.0203803
283008.0	0.0203891
283136.0	0.0203961
283264.0	0.0203882
283392.0	0.020397
283520.0	0.0203936
283648.0	0.0204065
283776.0	0.0203956
283904.0	0.020384
284032.0	0.0203903
284160.0	0.0204144
284288.0	0.0203722
284416.0	0.0203798
284544.0	0.0203938
284672.0	0.0203975
284800.0	0.0203732
284928.0	0.0203874
285056.0	0.0203811
285184.0	0.0203684
285312.0	0.0203985
285440.0	0.0203921
285568.0	0.0204163
285696.0	0.0203883
285824.0	0.0203982
285952.0	0.0203907
286080.0	0.0203841
286208.0	0.0203923
286336.0	0.0203803
286464.0	0.0204126
286592.0	0.0204019
286720.0	0.0203975
286848.0	0.0204055
286976.0	0.0203928
287104.0	0.0203927
287232.0	0.0203809
287360.0	0.0203744
287488.0	0.0203901
287616.0	0.0203996
287744.0	0.0203931
287872.0	0.0204175
288000.0	0.02041
288128.0	0.0203867
288256.0	0.020405
288384.0	0.0203871
288512.0	0.0203866
288640.0	0.0203825
288768.0	0.0204064
288896.0	0.020394
289024.0	0.0203919
289152.0	0.0203933
289280.0	0.0203966
289408.0	0.0203903
289536.0	0.0203924
289664.0	0.0204119
289792.0	0.0203943
289920.0	0.0204029
290048.0	0.0204054
290176.0	0.0203782
290304.0	0.0203943
290432.0	0.0204079
290560.0	0.0203747
290688.0	0.0203922
290816.0	0.0203872
290944.0	0.0203837
291072.0	0.0203907
291200.0	0.0203955
291328.0	0.0203944
291456.0	0.0204032
291584.0	0.0203889
291712.0	0.0203884
291840.0	0.0203714
291968.0	0.0204083
292096.0	0.0203799
292224.0	0.0204052
292352.0	0.0204013
292480.0	0.0204042
292608.0	0.0204059
292736.0	0.0203904
292864.0	0.0204058
292992.0	0.0204163
293120.0	0.0204049
293248.0	0.0204068
293376.0	0.0203977
293504.0	0.0203818
293632.0	0.0204042
293760.0	0.0203879
293888.0	0.0203897
294016.0	0.0203987
294144.0	0.0204006
294272.0	0.0204049
294400.0	0.0203985
294528.0	0.020412
294656.0	0.0203846
294784.0	0.020395
294912.0	0.0204033
295040.0	0.0203852
295168.0	0.020398
295296.0	0.020395
295424.0	0.0204008
295552.0	0.0203785
295680.0	0.0203984
295808.0	0.0203915
295936.0	0.0203773
296064.0	0.0203776
296192.0	0.0203951
296320.0	0.0204045
296448.0	0.0203967
296576.0	0.0203991
296704.0	0.0203994
296832.0	0.0203988
296960.0	0.0203961
297088.0	0.0203929
297216.0	0.0204001
297344.0	0.0203894
297472.0	0.0204057
297600.0	0.0203943
297728.0	0.0203729
297856.0	0.0204131
297984.0	0.0203952
298112.0	0.0204095
298240.0	0.0203986
298368.0	0.0203944
298496.0	0.0203847
298624.0	0.0203754
298752.0	0.0204044
298880.0	0.0204152
299008.0	0.0203932
299136.0	0.0203813
299264.0	0.0203879
299392.0	0.0204089
299520.0	0.020397
299648.0	0.0204076
299776.0	0.0203932
299904.0	0.0203821
300032.0	0.0204135
300160.0	0.0203698
300288.0	0.0203933
300416.0	0.0203767
300544.0	0.0204024
300672.0	0.0203894
300800.0	0.020387
300928.0	0.0203863
301056.0	0.0203724
301184.0	0.0203842
301312.0	0.0203948
301440.0	0.020414
301568.0	0.0204042
301696.0	0.020383
301824.0	0.0204035
301952.0	0.0203924
302080.0	0.0204065
302208.0	0.0203884
302336.0	0.0204085
302464.0	0.0203803
302592.0	0.0203979
302720.0	0.0203918
302848.0	0.0203894
302976.0	0.0203876
303104.0	0.0203897
303232.0	0.020398
303360.0	0.020389
303488.0	0.0203882
303616.0	0.0203756
303744.0	0.0203997
303872.0	0.0203934
304000.0	0.0204124
304128.0	0.0204023
304256.0	0.0203986
304384.0	0.0203967
304512.0	0.0203873
304640.0	0.0204111
304768.0	0.020406
304896.0	0.0203969
305024.0	0.0203945
305152.0	0.0203907
305280.0	0.0203811
305408.0	0.0204059
305536.0	0.0203997
305664.0	0.0203908
305792.0	0.0203818
305920.0	0.0204065
306048.0	0.0203916
306176.0	0.0204038
306304.0	0.020376
306432.0	0.0203936
306560.0	0.0204065
306688.0	0.0203956
306816.0	0.0204164
306944.0	0.0203878
307072.0	0.0204008
307200.0	0.0203768
307328.0	0.0203967
307456.0	0.0204174
307584.0	0.020387
307712.0	0.0203926
307840.0	0.0204174
307968.0	0.020396
308096.0	0.020392
308224.0	0.0203916
308352.0	0.0203968
308480.0	0.0204025
308608.0	0.0203898
308736.0	0.0203816
308864.0	0.0204083
308992.0	0.0203967
309120.0	0.0204039
309248.0	0.0203926
309376.0	0.0203753
309504.0	0.0204083
309632.0	0.0204059
309760.0	0.0203923
309888.0	0.0203779
310016.0	0.0204015
310144.0	0.0204052
310272.0	0.0203951
310400.0	0.0203818
310528.0	0.0203933
310656.0	0.0204046
310784.0	0.0204
310912.0	0.0203933
311040.0	0.0203868
311168.0	0.0203766
311296.0	0.0203878
311424.0	0.0204162
311552.0	0.0203829
311680.0	0.0203839
311808.0	0.0203966
311936.0	0.0203937
312064.0	0.0204052
312192.0	0.0203701
312320.0	0.0203987
312448.0	0.0203946
312576.0	0.0203866
312704.0	0.0203939
312832.0	0.0204036
312960.0	0.0203791
313088.0	0.0203888
313216.0	0.0203905
313344.0	0.0204004
313472.0	0.0203913
313600.0	0.0203933
313728.0	0.0204043
313856.0	0.0203941
313984.0	0.0203871
314112.0	0.0203972
314240.0	0.0203762
314368.0	0.02039
314496.0	0.0203827
314624.0	0.0203914
314752.0	0.0204093
314880.0	0.0203903
315008.0	0.0204015
315136.0	0.0204072
315264.0	0.0203854
315392.0	0.02039
315520.0	0.0204072
315648.0	0.0203928
315776.0	0.0203929
315904.0	0.0203858
316032.0	0.0204015
316160.0	0.0203961
316288.0	0.0203997
316416.0	0.0203951
316544.0	0.0203958
316672.0	0.0203882
316800.0	0.0204008
316928.0	0.0203965
317056.0	0.0203926
317184.0	0.0203855
317312.0	0.0204033
317440.0	0.0203932
317568.0	0.0203906
317696.0	0.0204011
317824.0	0.0203922
317952.0	0.0203957
318080.0	0.0203808
318208.0	0.0203876
318336.0	0.0203816
318464.0	0.0203832
318592.0	0.0204028
318720.0	0.0204068
318848.0	0.0203835
318976.0	0.0204245
319104.0	0.0203888
319232.0	0.020402
319360.0	0.0203986
319488.0	0.0203805
319616.0	0.0204077
319744.0	0.0203954
319872.0	0.020386
320000.0	0.0203864
320128.0	0.0203848
320256.0	0.020383
320384.0	0.0203833
320512.0	0.0203901
320640.0	0.0203904
320768.0	0.0203877
320896.0	0.0203901
321024.0	0.0203955
321152.0	0.0203816
321280.0	0.0204225
321408.0	0.0203883
321536.0	0.0203977
321664.0	0.0203949
321792.0	0.0203977
321920.0	0.0203985
322048.0	0.0203795
322176.0	0.0203905
322304.0	0.0204035
322432.0	0.0203929
322560.0	0.0203988
322688.0	0.0203851
322816.0	0.020394
322944.0	0.0203811
323072.0	0.0203956
323200.0	0.0203897
323328.0	0.0204024
323456.0	0.020384
323584.0	0.0204022
323712.0	0.020407
323840.0	0.0203834
323968.0	0.0204073
324096.0	0.0203756
324224.0	0.0203965
324352.0	0.0203836
324480.0	0.0203774
324608.0	0.020421
324736.0	0.0203716
324864.0	0.0203932
324992.0	0.0203843
325120.0	0.020407
325248.0	0.020388
325376.0	0.0203959
325504.0	0.0203856
325632.0	0.0203835
325760.0	0.0204258
325888.0	0.0203904
326016.0	0.0204039
326144.0	0.0203859
326272.0	0.0203858
326400.0	0.0204044
326528.0	0.0203891
326656.0	0.0203837
326784.0	0.0203898
326912.0	0.0203861
327040.0	0.0204083
327168.0	0.0203922
327296.0	0.0204044
327424.0	0.0204057
327552.0	0.020395
327680.0	0.0203837
327808.0	0.020388
327936.0	0.0203916
328064.0	0.0204075
328192.0	0.0203989
328320.0	0.020382
328448.0	0.0203973
328576.0	0.0203775
328704.0	0.0203903
328832.0	0.0203972
328960.0	0.0204041
329088.0	0.0204023
329216.0	0.020391
329344.0	0.0203925
329472.0	0.0203922
329600.0	0.020392
329728.0	0.0203963
329856.0	0.0203763
329984.0	0.020401
330112.0	0.0203976
330240.0	0.0204016
330368.0	0.0203918
330496.0	0.0203856
330624.0	0.0203897
330752.0	0.0204008
330880.0	0.0203954
331008.0	0.0203951
331136.0	0.0203785
331264.0	0.0203882
331392.0	0.0203868
331520.0	0.0203871
331648.0	0.0203833
331776.0	0.0204107
331904.0	0.0203989
332032.0	0.0203989
332160.0	0.0204017
332288.0	0.0203849
332416.0	0.0203836
332544.0	0.0203823
332672.0	0.0203974
332800.0	0.0203967
332928.0	0.0204016
333056.0	0.0203902
333184.0	0.0203962
333312.0	0.0204014
333440.0	0.0204013
333568.0	0.0203985
333696.0	0.0203919
333824.0	0.0203866
333952.0	0.0203967
334080.0	0.0203925
334208.0	0.020389
334336.0	0.0203896
334464.0	0.0203862
334592.0	0.0203917
334720.0	0.0204006
334848.0	0.0203872
334976.0	0.0203928
335104.0	0.0203945
335232.0	0.0203738
335360.0	0.0204151
335488.0	0.0203852
335616.0	0.0203791
335744.0	0.0203929
335872.0	0.0203944
336000.0	0.020384
336128.0	0.0203921
336256.0	0.0203843
336384.0	0.0204037
336512.0	0.02039
336640.0	0.0203851
336768.0	0.0203821
336896.0	0.0203991
337024.0	0.0203995
337152.0	0.0203965
337280.0	0.0203744
337408.0	0.0204072
337536.0	0.020386
337664.0	0.0204163
337792.0	0.0204058
337920.0	0.0203952
338048.0	0.020389
338176.0	0.0203911
338304.0	0.0203855
338432.0	0.0203905
338560.0	0.0203914
338688.0	0.0203894
338816.0	0.0203995
338944.0	0.0203987
339072.0	0.0203982
339200.0	0.0203883
339328.0	0.0203884
339456.0	0.0203888
339584.0	0.0203906
339712.0	0.0203922
339840.0	0.0203865
339968.0	0.0204051
340096.0	0.0204057
340224.0	0.0203905
340352.0	0.0203971
340480.0	0.0203921
340608.0	0.0203892
340736.0	0.0203921
340864.0	0.0203937
340992.0	0.0203874
341120.0	0.0203846
341248.0	0.0204011
341376.0	0.0203941
341504.0	0.0204023
341632.0	0.0203954
341760.0	0.0203788
341888.0	0.0203988
342016.0	0.0203887
342144.0	0.0203932
342272.0	0.0203852
342400.0	0.0203786
342528.0	0.0204046
342656.0	0.0203824
342784.0	0.0203878
342912.0	0.0203988
343040.0	0.0203803
343168.0	0.020403
343296.0	0.0203911
343424.0	0.0203939
343552.0	0.0203919
343680.0	0.0203763
343808.0	0.0204145
343936.0	0.0203909
344064.0	0.0204099
344192.0	0.020403
344320.0	0.0204013
344448.0	0.0203913
344576.0	0.0203898
344704.0	0.0203812
344832.0	0.0203833
344960.0	0.0203962
345088.0	0.0203925
345216.0	0.0203781
345344.0	0.0203974
345472.0	0.0203878
345600.0	0.0203903
345728.0	0.020383
345856.0	0.0203952
345984.0	0.020375
346112.0	0.0204044
346240.0	0.0204072
346368.0	0.0203729
346496.0	0.0204217
346624.0	0.020393
346752.0	0.0203892
346880.0	0.0203932
347008.0	0.0203766
347136.0	0.0203818
347264.0	0.0203813
347392.0	0.0203976
347520.0	0.0203982
347648.0	0.0203801
347776.0	0.0203927
347904.0	0.0203737
348032.0	0.0203845
348160.0	0.0203998
348288.0	0.0203993
348416.0	0.0203997
348544.0	0.0203967
348672.0	0.0204043
348800.0	0.0203804
348928.0	0.0203904
349056.0	0.0203859
349184.0	0.0203868
349312.0	0.0203919
349440.0	0.0204015
349568.0	0.0204055
349696.0	0.0203757
349824.0	0.0203927
349952.0	0.0203999
350080.0	0.0203843
350208.0	0.0203876
350336.0	0.0204032
350464.0	0.0204024
350592.0	0.0203844
350720.0	0.020406
350848.0	0.0204032
350976.0	0.020387
351104.0	0.0203974
351232.0	0.0204038
351360.0	0.0204022
351488.0	0.0203898
351616.0	0.0203721
351744.0	0.0203883
351872.0	0.0204129
352000.0	0.0203809
352128.0	0.0204077
352256.0	0.0203767
352384.0	0.0203829
352512.0	0.0204012
352640.0	0.0203938
352768.0	0.0203929
352896.0	0.0203776
353024.0	0.0203867
353152.0	0.0203874
353280.0	0.0203822
353408.0	0.0203981
353536.0	0.0203907
353664.0	0.0203875
353792.0	0.0203733
353920.0	0.0203704
354048.0	0.0204133
354176.0	0.0203957
354304.0	0.0203855
354432.0	0.020403
354560.0	0.0203815
354688.0	0.0203852
354816.0	0.0204063
354944.0	0.0203888
355072.0	0.0204046
355200.0	0.0204014
355328.0	0.0203846
355456.0	0.0203762
355584.0	0.0203912
355712.0	0.0203994
355840.0	0.0204058
355968.0	0.0203836
356096.0	0.0204035
356224.0	0.0203703
356352.0	0.0203953
356480.0	0.0204038
356608.0	0.0204004
356736.0	0.0204067
356864.0	0.0203945
356992.0	0.0203802
357120.0	0.0203907
357248.0	0.0203975
357376.0	0.0203798
357504.0	0.0203912
357632.0	0.020412
357760.0	0.0203857
357888.0	0.0203835
358016.0	0.0203967
358144.0	0.0203891
358272.0	0.0203992
358400.0	0.02039
358528.0	0.0204125
358656.0	0.0203977
358784.0	0.0203936
358912.0	0.0203977
359040.0	0.0203865
359168.0	0.0203879
359296.0	0.0203934
359424.0	0.0203772
359552.0	0.0203835
359680.0	0.0203842
359808.0	0.0203905
359936.0	0.0203898
360064.0	0.0204211
360192.0	0.0204071
360320.0	0.0203996
360448.0	0.0203909
360576.0	0.0203834
360704.0	0.0203953
360832.0	0.0203918
360960.0	0.0203877
361088.0	0.0203894
361216.0	0.0203802
361344.0	0.0203996
361472.0	0.0203841
361600.0	0.0203944
361728.0	0.0204011
361856.0	0.0203792
361984.0	0.0203985
362112.0	0.0203967
362240.0	0.0203793
362368.0	0.0203919
362496.0	0.0203868
362624.0	0.0204074
362752.0	0.020384
362880.0	0.0203948
363008.0	0.0204179
363136.0	0.0203943
363264.0	0.0203919
363392.0	0.0203795
363520.0	0.0203907
363648.0	0.0203875
363776.0	0.0203712
363904.0	0.0203824
364032.0	0.0203897
364160.0	0.0203658
364288.0	0.0203919
364416.0	0.0203915
364544.0	0.0203946
364672.0	0.0204055
364800.0	0.0204128
364928.0	0.0204125
365056.0	0.0204046
365184.0	0.020387
365312.0	0.0204046
365440.0	0.020374
365568.0	0.0203813
365696.0	0.0204056
365824.0	0.0204065
365952.0	0.0203937
366080.0	0.0203825
366208.0	0.020398
366336.0	0.0203994
366464.0	0.0203751
366592.0	0.0203838
366720.0	0.0203842
366848.0	0.0203993
366976.0	0.0203795
367104.0	0.020404
367232.0	0.0203994
367360.0	0.0203958
367488.0	0.0204006
367616.0	0.0203998
367744.0	0.0203888
367872.0	0.0203863
368000.0	0.0204026
368128.0	0.0203992
368256.0	0.0203827
368384.0	0.020411
368512.0	0.0203892
368640.0	0.0203956
368768.0	0.0203856
368896.0	0.0203844
369024.0	0.0203931
369152.0	0.0203962
369280.0	0.0203917
369408.0	0.0203918
369536.0	0.020389
369664.0	0.0203985
369792.0	0.0203937
369920.0	0.0203907
370048.0	0.0203767
370176.0	0.0204015
370304.0	0.0203944
370432.0	0.0204024
370560.0	0.0203847
370688.0	0.020388
370816.0	0.0203976
370944.0	0.0203936
371072.0	0.0203931
371200.0	0.0203963
371328.0	0.0203908
371456.0	0.0203928
371584.0	0.0203907
371712.0	0.0203876
371840.0	0.0203885
371968.0	0.0204015
372096.0	0.0203958
372224.0	0.0203907
372352.0	0.020394
372480.0	0.0203775
372608.0	0.0203823
372736.0	0.0204015
372864.0	0.0203986
372992.0	0.0203807
373120.0	0.0204138
373248.0	0.0203816
373376.0	0.0204055
373504.0	0.0203879
373632.0	0.0203935
373760.0	0.0203797
373888.0	0.0203871
374016.0	0.0203976
374144.0	0.0203904
374272.0	0.0203781
374400.0	0.0204112
374528.0	0.0203927
374656.0	0.0203935
374784.0	0.020391
374912.0	0.0203841
375040.0	0.0203894
375168.0	0.0203897
375296.0	0.020376
375424.0	0.0203906
375552.0	0.0204047
375680.0	0.0203934
375808.0	0.0203931
375936.0	0.0204039
376064.0	0.0203815
376192.0	0.0204025
376320.0	0.0203848
376448.0	0.0203809
376576.0	0.0203857
376704.0	0.0203895
376832.0	0.0204
376960.0	0.0204007
377088.0	0.0203841
377216.0	0.0203974
377344.0	0.0203942
377472.0	0.0203918
377600.0	0.020393
377728.0	0.0203952
377856.0	0.0203785
377984.0	0.02038
378112.0	0.0204019
378240.0	0.0203833
378368.0	0.0203996
378496.0	0.020402
378624.0	0.0203892
378752.0	0.0203946
378880.0	0.0203987
379008.0	0.0203936
379136.0	0.0203957
379264.0	0.0204032
379392.0	0.0203901
379520.0	0.0203921
379648.0	0.0203889
379776.0	0.020398
379904.0	0.0203953
380032.0	0.0203945
380160.0	0.0203882
380288.0	0.0203905
380416.0	0.0203921
380544.0	0.0204014
380672.0	0.0203854
380800.0	0.0204067
380928.0	0.0203668
381056.0	0.0203925
381184.0	0.0203851
381312.0	0.0204014
381440.0	0.0203884
381568.0	0.0204121
381696.0	0.0203857
381824.0	0.0203919
381952.0	0.0203906
382080.0	0.0203889
382208.0	0.0203852
382336.0	0.0203972
382464.0	0.020383
382592.0	0.0203902
382720.0	0.0204031
382848.0	0.0203862
382976.0	0.0203869
383104.0	0.020386
383232.0	0.0203869
383360.0	0.0203941
383488.0	0.0203859
383616.0	0.0204019
383744.0	0.0203905
383872.0	0.0203826
384000.0	0.0203918
384128.0	0.0204049
384256.0	0.0203773
384384.0	0.0203823
384512.0	0.020394
384640.0	0.020395
384768.0	0.0203761
384896.0	0.0203862
385024.0	0.0203836
385152.0	0.0203763
385280.0	0.0204012
385408.0	0.0203847
385536.0	0.0204078
385664.0	0.0203867
385792.0	0.020399
385920.0	0.0203895
386048.0	0.020383
386176.0	0.0203898
386304.0	0.0203822
386432.0	0.0204042
386560.0	0.0203892
386688.0	0.0203902
386816.0	0.0203978
386944.0	0.0203916
387072.0	0.0203877
387200.0	0.0203933
387328.0	0.0203725
387456.0	0.0203884
387584.0	0.0203943
387712.0	0.0203882
387840.0	0.0204042
387968.0	0.0204027
388096.0	0.0203913
388224.0	0.0203998
388352.0	0.0203845
388480.0	0.0203912
388608.0	0.0203791
388736.0	0.0204102
388864.0	0.0203852
388992.0	0.0203871
389120.0	0.0203885
389248.0	0.020397
389376.0	0.0203916
389504.0	0.020389
389632.0	0.0204034
389760.0	0.0203957
389888.0	0.020398
390016.0	0.0203987
390144.0	0.0203723
390272.0	0.020393
390400.0	0.0204076
390528.0	0.0203765
390656.0	0.0203906
390784.0	0.0203794
390912.0	0.0203858
391040.0	0.0203873
391168.0	0.0204025
391296.0	0.0203952
391424.0	0.0203958
391552.0	0.0203904
391680.0	0.0203864
391808.0	0.0203657
391936.0	0.0204125
392064.0	0.0203803
392192.0	0.0203995
392320.0	0.0203969
392448.0	0.020396
392576.0	0.0203974
392704.0	0.020395
392832.0	0.0204025
392960.0	0.0204041
393088.0	0.0204033
393216.0	0.0203976
393344.0	0.0203924
393472.0	0.0203862
393600.0	0.020399
393728.0	0.0203857
393856.0	0.020387
393984.0	0.0203904
394112.0	0.0204004
394240.0	0.0204047
394368.0	0.0203913
394496.0	0.0204016
394624.0	0.0203843
394752.0	0.0203932
394880.0	0.0203973
395008.0	0.0203825
395136.0	0.0203951
395264.0	0.0203937
395392.0	0.0203911
395520.0	0.0203766
395648.0	0.0203927
395776.0	0.0203919
395904.0	0.0203833
396032.0	0.0203815
396160.0	0.0203889
396288.0	0.0203973
396416.0	0.0203936
396544.0	0.0203907
396672.0	0.0203954
396800.0	0.0203898
396928.0	0.020395
397056.0	0.0203894
397184.0	0.0203936
397312.0	0.0203882
397440.0	0.0203973
397568.0	0.0203941
397696.0	0.0203751
397824.0	0.0204032
397952.0	0.020388
398080.0	0.0204054
398208.0	0.020402
398336.0	0.0203955
398464.0	0.0203891
398592.0	0.0203787
398720.0	0.0203966
398848.0	0.0204038
398976.0	0.0203908
399104.0	0.0203812
399232.0	0.0203871
399360.0	0.0204045
399488.0	0.0203894
399616.0	0.020395
399744.0	0.0203941
399872.0	0.0203839
400000.0	0.0204025
400128.0	0.0203723
400256.0	0.020388
400384.0	0.0203778
400512.0	0.0203913
400640.0	0.0203907
400768.0	0.020383
400896.0	0.0203881
401024.0	0.0203787
401152.0	0.0203893
401280.0	0.0203905
401408.0	0.0204017
401536.0	0.0204038
401664.0	0.0203807
401792.0	0.0203959
401920.0	0.0203866
402048.0	0.0204077
402176.0	0.0203869
402304.0	0.0204056
402432.0	0.0203792
402560.0	0.0203904
402688.0	0.0203902
402816.0	0.0203899
402944.0	0.0203889
403072.0	0.0203945
403200.0	0.0203923
403328.0	0.0203883
403456.0	0.0203807
403584.0	0.0203742
403712.0	0.0203965
403840.0	0.0203895
403968.0	0.0204032
404096.0	0.0203951
404224.0	0.0203959
404352.0	0.020394
404480.0	0.0203782
404608.0	0.0204054
404736.0	0.0204031
404864.0	0.0203908
404992.0	0.0203902
405120.0	0.0203877
405248.0	0.0203826
405376.0	0.0203979
405504.0	0.0203933
405632.0	0.0203862
405760.0	0.0203775
405888.0	0.0204094
406016.0	0.0203897
406144.0	0.0204051
406272.0	0.0203736
406400.0	0.0203909
406528.0	0.0204066
406656.0	0.0203946
406784.0	0.0204077
406912.0	0.0203858
407040.0	0.0203946
407168.0	0.0203792
407296.0	0.0203915
407424.0	0.0204055
407552.0	0.0203821
407680.0	0.0203946
407808.0	0.0204079
407936.0	0.0203964
408064.0	0.0203802
408192.0	0.0203877
408320.0	0.0203906
408448.0	0.0204008
408576.0	0.0203904
408704.0	0.0203808
408832.0	0.0204015
408960.0	0.0203965
409088.0	0.0204014
409216.0	0.0203901
409344.0	0.0203738
409472.0	0.0204064
409600.0	0.0204036
409728.0	0.020392
409856.0	0.0203798
409984.0	0.0204017
410112.0	0.0203984
410240.0	0.0203916
410368.0	0.0203831
410496.0	0.0203932
410624.0	0.0204021
410752.0	0.0203957
410880.0	0.0203917
411008.0	0.0203895
411136.0	0.0203742
411264.0	0.0203857
411392.0	0.0204097
411520.0	0.020381
411648.0	0.0203836
411776.0	0.0203924
411904.0	0.0203903
412032.0	0.0204002
412160.0	0.0203733
412288.0	0.020397
412416.0	0.0203919
412544.0	0.0203839
412672.0	0.0203922
412800.0	0.0204056
412928.0	0.0203817
413056.0	0.0203862
413184.0	0.0203914
413312.0	0.0203924
413440.0	0.0203928
413568.0	0.0203928
413696.0	0.0203948
413824.0	0.0203871
413952.0	0.0203852
414080.0	0.0203917
414208.0	0.0203799
414336.0	0.0203846
414464.0	0.0203831
414592.0	0.0203853
414720.0	0.0204001
414848.0	0.0203876
414976.0	0.0203954
415104.0	0.0204054
415232.0	0.0203823
415360.0	0.0203848
415488.0	0.0204044
415616.0	0.0203907
415744.0	0.0203884
415872.0	0.0203867
416000.0	0.0203968
416128.0	0.0203965
416256.0	0.0203976
416384.0	0.0203881
416512.0	0.0203878
416640.0	0.0203947
416768.0	0.0203948
416896.0	0.0203989
417024.0	0.0203932
417152.0	0.020385
417280.0	0.0204011
417408.0	0.0203911
417536.0	0.0203916
417664.0	0.0203978
417792.0	0.020386
417920.0	0.0203944
418048.0	0.0203838
418176.0	0.0203871
418304.0	0.0203808
418432.0	0.0203856
418560.0	0.0203962
418688.0	0.0204014
418816.0	0.0203816
418944.0	0.0204125
419072.0	0.0203858
419200.0	0.020394
419328.0	0.0203999
419456.0	0.0203838
419584.0	0.0204023
419712.0	0.0203951
419840.0	0.0203892
419968.0	0.0203866
420096.0	0.0203833
420224.0	0.0203845
420352.0	0.0203862
420480.0	0.0203936
420608.0	0.0203879
420736.0	0.0203855
420864.0	0.0203821
420992.0	0.0203943
421120.0	0.0203842
421248.0	0.0204106
421376.0	0.0203841
421504.0	0.0204034
421632.0	0.0203887
421760.0	0.0203915
421888.0	0.020399
422016.0	0.0203804
422144.0	0.0203883
422272.0	0.0203954
422400.0	0.0203861
422528.0	0.0203922
422656.0	0.0203815
422784.0	0.0203921
422912.0	0.0203854
423040.0	0.0203884
423168.0	0.0203869
423296.0	0.0203957
423424.0	0.0203811
423552.0	0.0204024
423680.0	0.0204027
423808.0	0.0203818
423936.0	0.0203948
424064.0	0.0203904
424192.0	0.0204309
424320.0	0.0204068
424448.0	0.0203806
424576.0	0.0204039
424704.0	0.0203766
424832.0	0.0203893
424960.0	0.020382
425088.0	0.0203951
425216.0	0.0203882
425344.0	0.0203877
425472.0	0.0203849
425600.0	0.0203891
425728.0	0.0204158
425856.0	0.0203808
425984.0	0.0203929
426112.0	0.0203807
426240.0	0.0203891
426368.0	0.0204012
426496.0	0.0203826
426624.0	0.0203799
426752.0	0.0203857
426880.0	0.0203819
427008.0	0.0204052
427136.0	0.0203877
427264.0	0.020404
427392.0	0.0204033
427520.0	0.0204008
427648.0	0.0203841
427776.0	0.0203839
427904.0	0.0203926
428032.0	0.0203958
428160.0	0.0203925
428288.0	0.0203762
428416.0	0.0203927
428544.0	0.0203836
428672.0	0.0203927
428800.0	0.0203901
428928.0	0.0203985
429056.0	0.0203947
429184.0	0.0203874
429312.0	0.0203913
429440.0	0.0203894
429568.0	0.0203933
429696.0	0.0203905
429824.0	0.0203775
429952.0	0.020397
430080.0	0.0203937
430208.0	0.0203939
430336.0	0.0203898
430464.0	0.0203866
430592.0	0.0203893
430720.0	0.0203946
430848.0	0.0203955
430976.0	0.0203893
431104.0	0.0203815
431232.0	0.0203849
431360.0	0.0203893
431488.0	0.0203872
431616.0	0.0203868
431744.0	0.0204022
431872.0	0.0203984
432000.0	0.0203983
432128.0	0.020403
432256.0	0.0203872
432384.0	0.0203853
432512.0	0.0203848
432640.0	0.0203915
432768.0	0.0203976
432896.0	0.0203901
433024.0	0.0203913
433152.0	0.0203924
433280.0	0.020397
433408.0	0.0203936
433536.0	0.0203954
433664.0	0.0203897
433792.0	0.0203864
433920.0	0.0203963
434048.0	0.02039
434176.0	0.0203871
434304.0	0.020386
434432.0	0.0203848
434560.0	0.0203913
434688.0	0.0203945
434816.0	0.0203834
434944.0	0.0203894
435072.0	0.020393
435200.0	0.0203771
435328.0	0.0204068
435456.0	0.0203846
435584.0	0.0203807
435712.0	0.0203933
435840.0	0.0203935
435968.0	0.0203802
436096.0	0.0203866
436224.0	0.0203793
436352.0	0.0204069
436480.0	0.0203881
436608.0	0.0203879
436736.0	0.0203854
436864.0	0.0203914
436992.0	0.0203993
437120.0	0.0203911
437248.0	0.0203759
437376.0	0.0203982
437504.0	0.0203822
437632.0	0.0204144
437760.0	0.0203998
437888.0	0.0203927
438016.0	0.0203854
438144.0	0.0203921
438272.0	0.0203846
438400.0	0.0203898
438528.0	0.0203938
438656.0	0.020392
438784.0	0.0203918
438912.0	0.0203966
439040.0	0.0203907
439168.0	0.0203871
439296.0	0.0203897
439424.0	0.0203865
439552.0	0.0203883
439680.0	0.0203911
439808.0	0.0203847
439936.0	0.0204028
440064.0	0.0204037
440192.0	0.0203906
440320.0	0.020392
440448.0	0.0203894
440576.0	0.0203905
440704.0	0.0203864
440832.0	0.0203918
440960.0	0.0203903
441088.0	0.020386
441216.0	0.0203892
441344.0	0.0203928
441472.0	0.0203952
441600.0	0.0203923
441728.0	0.0203775
441856.0	0.0203985
441984.0	0.0203918
442112.0	0.0203907
442240.0	0.0203839
442368.0	0.0203836
442496.0	0.0203977
442624.0	0.0203813
442752.0	0.0203828
442880.0	0.0203976
443008.0	0.0203763
443136.0	0.0203978
443264.0	0.0203846
443392.0	0.0203923
443520.0	0.0203846
443648.0	0.0203753
443776.0	0.0204096
443904.0	0.0203877
444032.0	0.0204132
444160.0	0.0204033
444288.0	0.0203927
444416.0	0.0203884
444544.0	0.020387
444672.0	0.0203872
444800.0	0.0203854
444928.0	0.0203919
445056.0	0.0203889
445184.0	0.0203755
445312.0	0.0203916
445440.0	0.0203901
445568.0	0.0203887
445696.0	0.0203825
445824.0	0.0203928
445952.0	0.0203743
446080.0	0.0204003
446208.0	0.0203962
446336.0	0.0203702
446464.0	0.0204182
446592.0	0.020391
446720.0	0.0203885
446848.0	0.0203883
446976.0	0.0203804
447104.0	0.0203751
447232.0	0.0203771
447360.0	0.0203925
447488.0	0.0203947
447616.0	0.0203822
447744.0	0.0203938
447872.0	0.0203763
448000.0	0.0203774
448128.0	0.0203949
448256.0	0.0204014
448384.0	0.0204017
448512.0	0.0203942
448640.0	0.020402
448768.0	0.0203804
448896.0	0.020393
449024.0	0.0203843
449152.0	0.0203825
449280.0	0.0203951
449408.0	0.0204034
449536.0	0.020398
449664.0	0.02038
449792.0	0.02039
449920.0	0.0203965
450048.0	0.0203876
450176.0	0.0203817
450304.0	0.0204009
450432.0	0.0203953
450560.0	0.0203792
450688.0	0.0204081
450816.0	0.0203968
450944.0	0.0203868
451072.0	0.0203949
451200.0	0.0203979
451328.0	0.0203993
451456.0	0.0203881
451584.0	0.0203754
451712.0	0.0203856
451840.0	0.0204031
451968.0	0.0203793
452096.0	0.0203997
452224.0	0.0203746
452352.0	0.0203845
452480.0	0.0203989
452608.0	0.0203891
452736.0	0.0203912
452864.0	0.020381
452992.0	0.0203888
453120.0	0.0203865
453248.0	0.020376
453376.0	0.0203959
453504.0	0.0203891
453632.0	0.0203835
453760.0	0.0203743
453888.0	0.0203722
454016.0	0.0204146
454144.0	0.0203982
454272.0	0.0203861
454400.0	0.0203988
454528.0	0.0203836
454656.0	0.0203844
454784.0	0.0204052
454912.0	0.0203875
455040.0	0.0204047
455168.0	0.020404
455296.0	0.0203798
455424.0	0.0203756
455552.0	0.0203884
455680.0	0.020395
455808.0	0.0204034
455936.0	0.0203812
456064.0	0.0203994
456192.0	0.0203715
456320.0	0.0203873
456448.0	0.0204017
456576.0	0.0203957
456704.0	0.0204008
456832.0	0.0203948
456960.0	0.0203749
457088.0	0.0203865
457216.0	0.0203963
457344.0	0.0203768
457472.0	0.0203963
457600.0	0.0204061
457728.0	0.0203849
457856.0	0.0203862
457984.0	0.020394
458112.0	0.0203871
458240.0	0.0203908
458368.0	0.0203893
458496.0	0.0204075
458624.0	0.0203952
458752.0	0.020389
458880.0	0.0203941
459008.0	0.0203857
459136.0	0.0203926
459264.0	0.0203923
459392.0	0.0203811
459520.0	0.0203839
459648.0	0.0203814
459776.0	0.0203911
459904.0	0.0203862
460032.0	0.0204093
460160.0	0.0203981
460288.0	0.0203922
460416.0	0.0203939
460544.0	0.0203863
460672.0	0.0203865
460800.0	0.020396
460928.0	0.0203859
461056.0	0.0203901
461184.0	0.020381
461312.0	0.0203989
461440.0	0.0203851
461568.0	0.0203922
461696.0	0.0203952
461824.0	0.0203758
461952.0	0.0203891
462080.0	0.0203967
462208.0	0.0203822
462336.0	0.0203898
462464.0	0.0203895
462592.0	0.0204001
462720.0	0.0203832
462848.0	0.0203896
462976.0	0.0204107
463104.0	0.0203879
463232.0	0.0203884
463360.0	0.0203777
463488.0	0.0203907
463616.0	0.0203872
463744.0	0.020372
463872.0	0.0203817
464000.0	0.0203863
464128.0	0.0203664
464256.0	0.02039
464384.0	0.0203914
464512.0	0.0203924
464640.0	0.0204018
464768.0	0.0204095
464896.0	0.0204063
465024.0	0.0203985
465152.0	0.0203842
465280.0	0.020411
465408.0	0.0203833
465536.0	0.0203788
465664.0	0.0204015
465792.0	0.0203957
465920.0	0.020391
466048.0	0.020388
466176.0	0.0203933
466304.0	0.0203946
466432.0	0.020385
466560.0	0.0203805
466688.0	0.0203872
466816.0	0.0203928
466944.0	0.020381
467072.0	0.0204012
467200.0	0.0203955
467328.0	0.0203953
467456.0	0.0203977
467584.0	0.020398
467712.0	0.0203917
467840.0	0.0203856
467968.0	0.0203931
468096.0	0.0203934
468224.0	0.0203796
468352.0	0.0203972
468480.0	0.0203849
468608.0	0.0203941
468736.0	0.020386
468864.0	0.0203878
468992.0	0.0203893
469120.0	0.0203942
469248.0	0.0203935
469376.0	0.020394
469504.0	0.0203854
469632.0	0.0203965
469760.0	0.0203925
469888.0	0.0203881
470016.0	0.0203798
470144.0	0.0203979
470272.0	0.0203876
470400.0	0.020396
470528.0	0.0203868
470656.0	0.0203887
470784.0	0.0203948
470912.0	0.0203912
471040.0	0.0203937
471168.0	0.0203941
471296.0	0.0203868
471424.0	0.0203903
471552.0	0.0203916
471680.0	0.020387
471808.0	0.0203861
471936.0	0.0203936
472064.0	0.0203905
472192.0	0.0203895
472320.0	0.0203916
472448.0	0.0203777
472576.0	0.0203801
472704.0	0.020402
472832.0	0.0203929
472960.0	0.0203825
473088.0	0.0204068
473216.0	0.0203834
473344.0	0.0204003
473472.0	0.0203875
473600.0	0.0203954
473728.0	0.0203818
473856.0	0.0203865
473984.0	0.0203942
474112.0	0.0203885
474240.0	0.0203799
474368.0	0.0204031
474496.0	0.0203902
474624.0	0.0203885
474752.0	0.0203891
474880.0	0.0203855
475008.0	0.0203929
475136.0	0.0203851
475264.0	0.0203798
475392.0	0.0203845
475520.0	0.0204024
475648.0	0.0203904
475776.0	0.0203913
475904.0	0.0204
476032.0	0.0203861
476160.0	0.0204016
476288.0	0.0203847
476416.0	0.0203843
476544.0	0.0203871
476672.0	0.0203926
476800.0	0.020396
476928.0	0.020397
477056.0	0.0203883
477184.0	0.0203955
477312.0	0.0203934
477440.0	0.0203883
477568.0	0.0203922
477696.0	0.0203891
477824.0	0.0203772
477952.0	0.0203818
478080.0	0.0203972
478208.0	0.0203812
478336.0	0.0204008
478464.0	0.0203993
478592.0	0.0203911
478720.0	0.0203916
478848.0	0.0203961
478976.0	0.0203898
479104.0	0.0203902
479232.0	0.020402
479360.0	0.020392
479488.0	0.0203897
479616.0	0.0203907
479744.0	0.0203927
479872.0	0.0203927
480000.0	0.0203902
480128.0	0.0203888
480256.0	0.0203929
480384.0	0.0203893
480512.0	0.0203966
480640.0	0.0203871
480768.0	0.0204042
480896.0	0.0203734
481024.0	0.0203934
481152.0	0.0203842
481280.0	0.0203969
481408.0	0.0203896
481536.0	0.0204033
481664.0	0.0203839
481792.0	0.0203847
481920.0	0.0203873
482048.0	0.0203898
482176.0	0.0203847
482304.0	0.0203963
482432.0	0.0203858
482560.0	0.0203877
482688.0	0.0203954
482816.0	0.0203919
482944.0	0.0203871
483072.0	0.0203849
483200.0	0.0203816
483328.0	0.020396
483456.0	0.020383
483584.0	0.0203984
483712.0	0.0203894
483840.0	0.0203813
483968.0	0.0203865
484096.0	0.0204017
484224.0	0.0203801
484352.0	0.0203814
484480.0	0.0203889
484608.0	0.0203913
484736.0	0.0203785
484864.0	0.0203877
484992.0	0.0203802
485120.0	0.0203799
485248.0	0.0203982
485376.0	0.0203834
485504.0	0.020404
485632.0	0.0203864
485760.0	0.0204018
485888.0	0.0203874
486016.0	0.0203817
486144.0	0.0203945
486272.0	0.0203843
486400.0	0.0203985
486528.0	0.0203899
486656.0	0.0203859
486784.0	0.0203922
486912.0	0.0203976
487040.0	0.020387
487168.0	0.0203904
487296.0	0.0203708
487424.0	0.0203902
487552.0	0.0203881
487680.0	0.0203855
487808.0	0.0203998
487936.0	0.0203969
488064.0	0.0203921
488192.0	0.0203975
488320.0	0.0203872
488448.0	0.0203892
488576.0	0.0203819
488704.0	0.0204043
488832.0	0.0203838
488960.0	0.020385
489088.0	0.020385
489216.0	0.0203933
489344.0	0.0203947
489472.0	0.0203875
489600.0	0.020397
489728.0	0.0203911
489856.0	0.0203939
489984.0	0.020396
490112.0	0.0203699
490240.0	0.0203955
490368.0	0.0203968
490496.0	0.0203784
490624.0	0.0203875
490752.0	0.0203817
490880.0	0.0203891
491008.0	0.0203897
491136.0	0.0203853
491264.0	0.0203995
491392.0	0.0203907
491520.0	0.0203884
491648.0	0.0203896
491776.0	0.0203659
491904.0	0.0204059
492032.0	0.0203749
492160.0	0.0203944
492288.0	0.0203954
492416.0	0.0203902
492544.0	0.0203874
492672.0	0.0203948
492800.0	0.0203969
492928.0	0.0203981
493056.0	0.0204034
493184.0	0.0203933
493312.0	0.0203961
493440.0	0.020385
493568.0	0.0203935
493696.0	0.0203878
493824.0	0.020385
493952.0	0.020388
494080.0	0.0203973
494208.0	0.0203971
494336.0	0.0203863
494464.0	0.0203979
494592.0	0.0203882
494720.0	0.0203908
494848.0	0.0203914
494976.0	0.0203856
495104.0	0.0203931
495232.0	0.0203923
495360.0	0.0203858
495488.0	0.0203829
495616.0	0.0203908
495744.0	0.0203906
495872.0	0.0203847
496000.0	0.020383
496128.0	0.0203893
496256.0	0.0203928
496384.0	0.0203944
496512.0	0.0203874
496640.0	0.0203926
496768.0	0.0203871
496896.0	0.0203938
497024.0	0.0203904
497152.0	0.020395
497280.0	0.0203876
497408.0	0.0203921
497536.0	0.0203903
497664.0	0.020378
497792.0	0.0203972
497920.0	0.020388
498048.0	0.0204056
498176.0	0.0203909
498304.0	0.0203939
498432.0	0.0203915
498560.0	0.0203805
498688.0	0.0203954
498816.0	0.0203993
498944.0	0.0203911
499072.0	0.020382
499200.0	0.0203872
499328.0	0.0203955
499456.0	0.0203863
499584.0	0.0203881
499712.0	0.0203877
499840.0	0.0203873
499968.0	0.0203958
500096.0	0.0203757
500224.0	0.02039
500352.0	0.0203791
500480.0	0.0203869
500608.0	0.0203913
500736.0	0.0203803
500864.0	0.0203877
500992.0	0.0203808
501120.0	0.0203891
501248.0	0.0203898
501376.0	0.0203954
501504.0	0.0204032
501632.0	0.0203815
501760.0	0.0203914
501888.0	0.0203872
502016.0	0.0204066
502144.0	0.0203846
502272.0	0.0204006
502400.0	0.0203846
502528.0	0.0203895
502656.0	0.0203846
502784.0	0.020386
502912.0	0.0203935
503040.0	0.0203936
503168.0	0.0203966
503296.0	0.0203889
503424.0	0.0203831
503552.0	0.020381
503680.0	0.0203951
503808.0	0.0203916
503936.0	0.0203967
504064.0	0.0203926
504192.0	0.020393
504320.0	0.0203894
504448.0	0.0203827
504576.0	0.0203991
504704.0	0.020394
504832.0	0.0203901
504960.0	0.0203839
505088.0	0.0203909
505216.0	0.0203845
505344.0	0.020388
505472.0	0.0203881
505600.0	0.0203877
505728.0	0.0203779
505856.0	0.0204015
505984.0	0.0203911
506112.0	0.0203989
506240.0	0.0203763
506368.0	0.0203867
506496.0	0.0204042
506624.0	0.0203928
506752.0	0.0204038
506880.0	0.0203867
507008.0	0.0203912
507136.0	0.0203763
507264.0	0.0203908
507392.0	0.0204036
507520.0	0.0203858
507648.0	0.0203924
507776.0	0.0204004
507904.0	0.0203948
508032.0	0.0203845
508160.0	0.0203869
508288.0	0.0203903
508416.0	0.0203966
508544.0	0.0203895
508672.0	0.0203802
508800.0	0.0203944
508928.0	0.0203899
509056.0	0.0204021
509184.0	0.0203876
509312.0	0.0203794
509440.0	0.0203985
509568.0	0.0203995
509696.0	0.020389
509824.0	0.0203782
509952.0	0.0204005
510080.0	0.0203943
510208.0	0.0203873
510336.0	0.020383
510464.0	0.0203895
510592.0	0.0204009
510720.0	0.0203943
510848.0	0.0203856
510976.0	0.0203902
511104.0	0.0203757
511232.0	0.0203894
511360.0	0.0204038
511488.0	0.0203839
511616.0	0.0203846
511744.0	0.0203932
511872.0	0.0203824
512000.0	0.0203955
512128.0	0.020378
512256.0	0.020395
512384.0	0.0203898
512512.0	0.020382
512640.0	0.0203918
512768.0	0.0203996
512896.0	0.020384
513024.0	0.020385
513152.0	0.0203963
513280.0	0.0203895
513408.0	0.0203933
513536.0	0.020392
513664.0	0.0203959
513792.0	0.0203889
513920.0	0.0203838
514048.0	0.0203924
514176.0	0.0203838
514304.0	0.0203827
514432.0	0.0203822
514560.0	0.0203887
514688.0	0.0203942
514816.0	0.0203878
514944.0	0.0203907
515072.0	0.0204027
515200.0	0.0203822
515328.0	0.0203814
515456.0	0.020398
515584.0	0.0203847
515712.0	0.0203824
515840.0	0.0203868
515968.0	0.0203916
516096.0	0.0203929
516224.0	0.0203957
516352.0	0.0203904
516480.0	0.020388
516608.0	0.020393
516736.0	0.0203896
516864.0	0.0203947
516992.0	0.0203916
517120.0	0.0203866
517248.0	0.020396
517376.0	0.0203878
517504.0	0.0203905
517632.0	0.0203937
517760.0	0.0203875
517888.0	0.0203938
518016.0	0.0203824
518144.0	0.0203876
518272.0	0.0203806
518400.0	0.0203874
518528.0	0.0203916
518656.0	0.0203915
518784.0	0.0203826
518912.0	0.0204031
519040.0	0.0203859
519168.0	0.0203886
519296.0	0.0203987
519424.0	0.0203852
519552.0	0.0203964
519680.0	0.0203944
519808.0	0.0203872
519936.0	0.020387
520064.0	0.0203882
520192.0	0.0203855
520320.0	0.0203868
520448.0	0.020394
520576.0	0.0203877
520704.0	0.0203873
520832.0	0.020382
520960.0	0.0203929
521088.0	0.020388
521216.0	0.0204024
521344.0	0.0203836
521472.0	0.0203978
521600.0	0.020383
521728.0	0.0203887
521856.0	0.0204022
521984.0	0.020382
522112.0	0.0203867
522240.0	0.0203916
522368.0	0.0203882
522496.0	0.02039
522624.0	0.0203819
522752.0	0.0203933
522880.0	0.0203833
523008.0	0.0203859
523136.0	0.020385
523264.0	0.0203923
523392.0	0.0203832
523520.0	0.0203945
523648.0	0.0204009
523776.0	0.0203851
523904.0	0.020391
524032.0	0.0203835
524160.0	0.0203897
524288.0	0.0203814
524416.0	0.0203791
524544.0	0.0204083
524672.0	0.0203775
524800.0	0.0203918
524928.0	0.0203817
525056.0	0.0203961
525184.0	0.0203847
525312.0	0.0203872
525440.0	0.0203823
525568.0	0.0203866
525696.0	0.0204098
525824.0	0.0203785
525952.0	0.0203985
526080.0	0.0203815
526208.0	0.0203869
526336.0	0.0203952
526464.0	0.0203821
526592.0	0.0203832
526720.0	0.0203862
526848.0	0.0203812
526976.0	0.0204044
527104.0	0.0203861
527232.0	0.0203994
527360.0	0.0204006
527488.0	0.0203956
527616.0	0.020386
527744.0	0.0203824
527872.0	0.0203866
528000.0	0.0203987
528128.0	0.0203944
528256.0	0.020379
528384.0	0.0203937
528512.0	0.0203805
528640.0	0.0203979
528768.0	0.020389
528896.0	0.0204004
529024.0	0.0203915
529152.0	0.0203857
529280.0	0.0203911
529408.0	0.020388
529536.0	0.0203878
529664.0	0.020387
529792.0	0.0203786
529920.0	0.020393
530048.0	0.0203933
530176.0	0.0203918
530304.0	0.0203909
530432.0	0.0203861
530560.0	0.0203878
530688.0	0.0203906
530816.0	0.0203923
530944.0	0.0203908
531072.0	0.0203814
531200.0	0.0203891
531328.0	0.0203891
531456.0	0.0203846
531584.0	0.0203854
531712.0	0.0203998
531840.0	0.0203959
531968.0	0.0203967
532096.0	0.0203985
532224.0	0.0203884
532352.0	0.020382
532480.0	0.0203849
532608.0	0.0203885
532736.0	0.0203936
532864.0	0.0203867
532992.0	0.0203874
533120.0	0.0203956
533248.0	0.0203953
533376.0	0.0203908
533504.0	0.0203941
533632.0	0.0203868
533760.0	0.0203843
533888.0	0.0203946
534016.0	0.0203917
534144.0	0.0203902
534272.0	0.0203844
534400.0	0.0203863
534528.0	0.0203929
534656.0	0.0203879
534784.0	0.0203825
534912.0	0.0203867
535040.0	0.0203914
535168.0	0.0203771
535296.0	0.0204055
535424.0	0.0203829
535552.0	0.0203811
535680.0	0.0203921
535808.0	0.0203929
535936.0	0.0203807
536064.0	0.0203875
536192.0	0.0203799
536320.0	0.0204069
536448.0	0.0203854
536576.0	0.020386
536704.0	0.0203788
536832.0	0.0203866
536960.0	0.0203963
537088.0	0.0203891
537216.0	0.0203765
537344.0	0.020395
537472.0	0.0203814
537600.0	0.020407
537728.0	0.0204013
537856.0	0.0203901
537984.0	0.0203837
538112.0	0.0203909
538240.0	0.0203857
538368.0	0.02039
538496.0	0.0203951
538624.0	0.0203904
538752.0	0.0203896
538880.0	0.0203951
539008.0	0.0203918
539136.0	0.0203887
539264.0	0.0203872
539392.0	0.020388
539520.0	0.0203878
539648.0	0.0203907
539776.0	0.0203823
539904.0	0.0203989
540032.0	0.0204002
540160.0	0.0203912
540288.0	0.0203869
540416.0	0.0203877
540544.0	0.0203898
540672.0	0.0203863
540800.0	0.0203876
540928.0	0.0203918
541056.0	0.0203852
541184.0	0.0203875
541312.0	0.020391
541440.0	0.0203913
541568.0	0.0203899
541696.0	0.0203832
541824.0	0.0203951
541952.0	0.020388
542080.0	0.020389
542208.0	0.0203817
542336.0	0.0203846
542464.0	0.0203989
542592.0	0.0203812
542720.0	0.0203816
542848.0	0.0203949
542976.0	0.0203769
543104.0	0.0203964
543232.0	0.0203807
543360.0	0.0203913
543488.0	0.0203834
543616.0	0.0203775
543744.0	0.0204033
543872.0	0.0203883
544000.0	0.0204055
544128.0	0.0203999
544256.0	0.0203937
544384.0	0.0203843
544512.0	0.0203894
544640.0	0.0203886
544768.0	0.0203865
544896.0	0.0203912
545024.0	0.0203858
545152.0	0.0203813
545280.0	0.0203927
545408.0	0.0203861
545536.0	0.0203866
545664.0	0.0203804
545792.0	0.0203909
545920.0	0.0203789
546048.0	0.0203915
546176.0	0.0203911
546304.0	0.0203726
546432.0	0.0204113
546560.0	0.0203911
546688.0	0.0203884
546816.0	0.0203881
546944.0	0.0203791
547072.0	0.0203789
547200.0	0.0203763
547328.0	0.0203893
547456.0	0.020393
547584.0	0.0203796
547712.0	0.0203993
547840.0	0.0203756
547968.0	0.0203759
548096.0	0.0203936
548224.0	0.0204046
548352.0	0.0204004
548480.0	0.0203928
548608.0	0.0204012
548736.0	0.0203803
548864.0	0.0203942
548992.0	0.020388
549120.0	0.020383
549248.0	0.0203888
549376.0	0.0203989
549504.0	0.0203929
549632.0	0.0203809
549760.0	0.0203883
549888.0	0.0203954
550016.0	0.0203864
550144.0	0.020382
550272.0	0.0203943
550400.0	0.0203921
550528.0	0.0203777
550656.0	0.0204024
550784.0	0.0203955
550912.0	0.0203868
551040.0	0.0203928
551168.0	0.0203974
551296.0	0.0203961
551424.0	0.020382
551552.0	0.0203763
551680.0	0.0203857
551808.0	0.020398
551936.0	0.0203803
552064.0	0.0203943
552192.0	0.0203758
552320.0	0.0203854
552448.0	0.0203974
552576.0	0.0203887
552704.0	0.0203943
552832.0	0.0203803
552960.0	0.0203876
553088.0	0.0203889
553216.0	0.0203781
553344.0	0.0203963
553472.0	0.0203883
553600.0	0.0203872
553728.0	0.0203759
553856.0	0.0203729
553984.0	0.020405
554112.0	0.0203917
554240.0	0.0203811
554368.0	0.0203979
554496.0	0.0203854
554624.0	0.0203813
554752.0	0.0204049
554880.0	0.020386
555008.0	0.0204065
555136.0	0.0203944
555264.0	0.0203822
555392.0	0.020374
555520.0	0.0203853
555648.0	0.0203953
555776.0	0.0204015
555904.0	0.0203755
556032.0	0.0203971
556160.0	0.0203734
556288.0	0.0203853
556416.0	0.0204001
556544.0	0.0203942
556672.0	0.0203938
556800.0	0.0203924
556928.0	0.0203761
557056.0	0.0203862
557184.0	0.0203959
557312.0	0.020379
557440.0	0.0203895
557568.0	0.0203988
557696.0	0.0203826
557824.0	0.0203843
557952.0	0.0203922
558080.0	0.0203913
558208.0	0.0203885
558336.0	0.0203938
558464.0	0.0204017
558592.0	0.0203898
558720.0	0.0203908
558848.0	0.0203936
558976.0	0.0203857
559104.0	0.0203888
559232.0	0.0203957
559360.0	0.0203892
559488.0	0.020388
559616.0	0.0203839
559744.0	0.0203881
559872.0	0.020388
560000.0	0.0203977
560128.0	0.0203932
560256.0	0.0203893
560384.0	0.0203887
560512.0	0.0203865
560640.0	0.0203872
560768.0	0.0203862
560896.0	0.0203832
561024.0	0.0203899
561152.0	0.0203823
561280.0	0.0203994
561408.0	0.0203801
561536.0	0.0203884
561664.0	0.0203889
561792.0	0.0203796
561920.0	0.0203891
562048.0	0.0203938
562176.0	0.0203822
562304.0	0.0203888
562432.0	0.0203869
562560.0	0.0203922
562688.0	0.020385
562816.0	0.0203894
562944.0	0.0204033
563072.0	0.0203861
563200.0	0.0203856
563328.0	0.020379
563456.0	0.0203912
563584.0	0.0203884
563712.0	0.0203778
563840.0	0.0203775
563968.0	0.0203845
564096.0	0.0203703
564224.0	0.0203877
564352.0	0.0203863
564480.0	0.0203889
564608.0	0.0204003
564736.0	0.0204023
564864.0	0.0204059
564992.0	0.0203991
565120.0	0.0203819
565248.0	0.0204002
565376.0	0.0203823
565504.0	0.0203866
565632.0	0.0203974
565760.0	0.0203948
565888.0	0.0203866
566016.0	0.0203856
566144.0	0.0203938
566272.0	0.0203947
566400.0	0.0203875
566528.0	0.020383
566656.0	0.0203895
566784.0	0.0203918
566912.0	0.0203804
567040.0	0.0204021
567168.0	0.0203951
567296.0	0.0203956
567424.0	0.0203958
567552.0	0.0203915
567680.0	0.0203916
567808.0	0.0203833
567936.0	0.0203904
568064.0	0.0203906
568192.0	0.0203811
568320.0	0.0203919
568448.0	0.0203843
568576.0	0.020391
568704.0	0.0203839
568832.0	0.0203859
568960.0	0.0203904
569088.0	0.0203917
569216.0	0.0203856
569344.0	0.0203979
569472.0	0.0203815
569600.0	0.020394
569728.0	0.0203906
569856.0	0.0203835
569984.0	0.0203806
570112.0	0.0203938
570240.0	0.0203855
570368.0	0.0203919
570496.0	0.0203827
570624.0	0.020386
570752.0	0.0203943
570880.0	0.0203909
571008.0	0.0203891
571136.0	0.0203926
571264.0	0.0203883
571392.0	0.0203912
571520.0	0.0203923
571648.0	0.0203859
571776.0	0.020384
571904.0	0.0203914
572032.0	0.0203907
572160.0	0.0203904
572288.0	0.0203926
572416.0	0.0203805
572544.0	0.0203809
572672.0	0.0203971
572800.0	0.020391
572928.0	0.0203837
573056.0	0.020402
573184.0	0.0203855
573312.0	0.020396
573440.0	0.0203877
573568.0	0.0203924
573696.0	0.020384
573824.0	0.0203858
573952.0	0.0203915
574080.0	0.0203899
574208.0	0.0203804
574336.0	0.0204024
574464.0	0.0203886
574592.0	0.0203873
574720.0	0.0203892
574848.0	0.0203857
574976.0	0.0203913
575104.0	0.0404498
575232.0	0.0203822
575360.0	0.0203828
575488.0	0.0203947
575616.0	0.0203853
575744.0	0.0203862
575872.0	0.0203902
576000.0	0.0203905
576128.0	0.0203907
576256.0	0.0203875
576384.0	0.02038
576512.0	0.020391
576640.0	0.0203908
576768.0	0.0203932
576896.0	0.0203869
577024.0	0.0203868
577152.0	0.0203859
577280.0	0.0203906
577408.0	0.0203825
577536.0	0.0203862
577664.0	0.0203881
577792.0	0.0203823
577920.0	0.0203874
578048.0	0.0203865
578176.0	0.0203839
578304.0	0.0203931
578432.0	0.0203872
578560.0	0.0203874
578688.0	0.0203866
578816.0	0.0203867
578944.0	0.0203916
579072.0	0.020386
579200.0	0.0203905
579328.0	0.0203881
579456.0	0.0203901
579584.0	0.0203908
579712.0	0.0203892
579840.0	0.0203882
579968.0	0.0203898
580096.0	0.0203941
580224.0	0.0203934
580352.0	0.0203869
580480.0	0.0203872
580608.0	0.020387
580736.0	0.0203923
580864.0	0.0203846
580992.0	0.0203874
581120.0	0.0203812
581248.0	0.0203883
581376.0	0.020391
581504.0	0.0203877
581632.0	0.0203856
581760.0	0.020386
581888.0	0.0203862
582016.0	0.0203877
582144.0	0.0203861
582272.0	0.0203937
582400.0	0.0203872
582528.0	0.0203879
582656.0	0.0203906
582784.0	0.0203923
582912.0	0.0203897
583040.0	0.0203831
583168.0	0.0203843
583296.0	0.0203916
583424.0	0.0203802
583552.0	0.0203967
583680.0	0.0203878
583808.0	0.0203837
583936.0	0.0203851
584064.0	0.02039
584192.0	0.020387
584320.0	0.0203832
584448.0	0.0203827
584576.0	0.0203842
584704.0	0.0203762
584832.0	0.0203856
584960.0	0.0203866
585088.0	0.0203893
585216.0	0.0203907
585344.0	0.020385
585472.0	0.0203933
585600.0	0.0203833
585728.0	0.0203961
585856.0	0.0203853
585984.0	0.020385
586112.0	0.0203942
586240.0	0.0203888
586368.0	0.020387
586496.0	0.0203919
586624.0	0.0203868
586752.0	0.0203884
586880.0	0.0203923
587008.0	0.0203873
587136.0	0.0203914
587264.0	0.0203735
587392.0	0.0203917
587520.0	0.0203876
587648.0	0.020387
587776.0	0.0203892
587904.0	0.0203909
588032.0	0.0203909
588160.0	0.0203961
588288.0	0.0203819
588416.0	0.0203874
588544.0	0.0203847
588672.0	0.020396
588800.0	0.0203856
588928.0	0.0203814
589056.0	0.0203821
589184.0	0.0203925
589312.0	0.0203906
589440.0	0.0203854
589568.0	0.0203921
589696.0	0.0203871
589824.0	0.0203895
589952.0	0.0203929
590080.0	0.020375
590208.0	0.0203924
590336.0	0.0203941
590464.0	0.020383
590592.0	0.0203864
590720.0	0.0203844
590848.0	0.0203863
590976.0	0.0203872
591104.0	0.0203864
591232.0	0.0203954
591360.0	0.0203869
591488.0	0.0203884
591616.0	0.0203803
591744.0	0.0203661
591872.0	0.0204013
592000.0	0.0203793
592128.0	0.0203923
592256.0	0.0203922
592384.0	0.0203904
592512.0	0.0203847
592640.0	0.0203938
592768.0	0.0203936
592896.0	0.0203909
593024.0	0.0204022
593152.0	0.0203912
593280.0	0.0203916
593408.0	0.020388
593536.0	0.0203871
593664.0	0.0203851
593792.0	0.0203842
593920.0	0.0203888
594048.0	0.0203974
594176.0	0.0203965
594304.0	0.0203853
594432.0	0.0203953
594560.0	0.0203889
594688.0	0.0203899
594816.0	0.0203901
594944.0	0.0203854
595072.0	0.020389
595200.0	0.0203912
595328.0	0.0203888
595456.0	0.0203834
595584.0	0.0203915
595712.0	0.0203885
595840.0	0.0203881
595968.0	0.0203835
596096.0	0.020388
596224.0	0.020391
596352.0	0.0203913
596480.0	0.0203887
596608.0	0.0203907
596736.0	0.0203878
596864.0	0.0203923
596992.0	0.0203901
597120.0	0.0203906
597248.0	0.0203856
597376.0	0.0203914
597504.0	0.0203877
597632.0	0.0203789
597760.0	0.020394
597888.0	0.0203895
598016.0	0.0204005
598144.0	0.0203883
598272.0	0.0203938
598400.0	0.0203896
598528.0	0.0203806
598656.0	0.0203949
598784.0	0.0203977
598912.0	0.0203906
599040.0	0.0203812
599168.0	0.0203891
599296.0	0.020388
599424.0	0.0203867
599552.0	0.0203838
599680.0	0.0203898
599808.0	0.0203889
599936.0	0.0203936
600064.0	0.0203756
600192.0	0.0203873
600320.0	0.0203785
600448.0	0.0203881
600576.0	0.0203901
600704.0	0.0203806
600832.0	0.020385
600960.0	0.0203818
601088.0	0.020388
601216.0	0.0203867
601344.0	0.0203921
601472.0	0.0203995
601600.0	0.020383
601728.0	0.0203903
601856.0	0.020383
601984.0	0.0204035
602112.0	0.0203856
602240.0	0.020401
602368.0	0.0203872
602496.0	0.0203868
602624.0	0.0203829
602752.0	0.0203857
602880.0	0.0203892
603008.0	0.020387
603136.0	0.0203966
603264.0	0.0203873
603392.0	0.0203868
603520.0	0.0203817
603648.0	0.0203953
603776.0	0.0203838
603904.0	0.0203957
604032.0	0.020393
604160.0	0.0203934
604288.0	0.0203879
604416.0	0.0203798
604544.0	0.0203973
604672.0	0.0203874
604800.0	0.0203884
604928.0	0.0203883
605056.0	0.0203907
605184.0	0.020388
605312.0	0.0203854
605440.0	0.0203867
605568.0	0.020388
605696.0	0.0203751
605824.0	0.0203993
605952.0	0.0203911
606080.0	0.0203984
606208.0	0.0203774
606336.0	0.0203821
606464.0	0.0204007
606592.0	0.0203932
606720.0	0.0204012
606848.0	0.0203871
606976.0	0.0203849
607104.0	0.0203777
607232.0	0.0203907
607360.0	0.020403
607488.0	0.0203841
607616.0	0.0203883
607744.0	0.0203991
607872.0	0.0203938
608000.0	0.0203832
608128.0	0.0203873
608256.0	0.0203895
608384.0	0.0203946
608512.0	0.0203886
608640.0	0.0203781
608768.0	0.0203917
608896.0	0.0203915
609024.0	0.0203996
609152.0	0.0203864
609280.0	0.0203769
609408.0	0.0203971
609536.0	0.0203988
609664.0	0.0203902
609792.0	0.0203795
609920.0	0.0203973
610048.0	0.0203926
610176.0	0.0203875
610304.0	0.0203834
610432.0	0.0203889
610560.0	0.0203963
610688.0	0.0203922
610816.0	0.0203854
610944.0	0.0203906
611072.0	0.0203758
611200.0	0.0203892
611328.0	0.0204005
611456.0	0.0203811
611584.0	0.0203858
611712.0	0.0203907
611840.0	0.0203817
611968.0	0.0203921
612096.0	0.020381
612224.0	0.0203967
612352.0	0.0203869
612480.0	0.0203806
612608.0	0.0203911
612736.0	0.0203945
612864.0	0.0203824
612992.0	0.0203861
613120.0	0.0203991
613248.0	0.0203892
613376.0	0.0203906
613504.0	0.0203922
613632.0	0.0203951
613760.0	0.0203883
613888.0	0.0203859
614016.0	0.0203975
614144.0	0.0203853
614272.0	0.0203839
614400.0	0.0203831
614528.0	0.020388
614656.0	0.0203953
614784.0	0.0203844
614912.0	0.0203886
615040.0	0.0203995
615168.0	0.020381
615296.0	0.02038
615424.0	0.0203952
615552.0	0.0203852
615680.0	0.0203795
615808.0	0.0203875
615936.0	0.0203901
616064.0	0.0203931
616192.0	0.020394
616320.0	0.0203876
616448.0	0.0203856
616576.0	0.0203921
616704.0	0.0203886
616832.0	0.0203924
616960.0	0.0203908
617088.0	0.0203859
617216.0	0.0203973
617344.0	0.0203899
617472.0	0.0203894
617600.0	0.0203921
617728.0	0.0203885
617856.0	0.0203933
617984.0	0.0203838
618112.0	0.0203857
618240.0	0.0203821
618368.0	0.0203869
618496.0	0.0203927
618624.0	0.0203875
618752.0	0.0203799
618880.0	0.0203996
619008.0	0.020385
619136.0	0.0203869
619264.0	0.0203963
619392.0	0.0203835
619520.0	0.0203995
619648.0	0.0203935
619776.0	0.0203862
619904.0	0.020387
620032.0	0.0203907
620160.0	0.0203895
620288.0	0.02039
620416.0	0.0203911
620544.0	0.0203863
620672.0	0.0203873
620800.0	0.0203846
620928.0	0.020393
621056.0	0.0203865
621184.0	0.0203967
621312.0	0.0203862
621440.0	0.0203953
621568.0	0.0203845
621696.0	0.0203873
621824.0	0.0203983
621952.0	0.0203827
622080.0	0.0203848
622208.0	0.0203882
622336.0	0.0203886
622464.0	0.0203902
622592.0	0.0203834
622720.0	0.0203924
622848.0	0.020385
622976.0	0.0203865
623104.0	0.0203824
623232.0	0.0203899
623360.0	0.0203838
623488.0	0.0203941
623616.0	0.0204018
623744.0	0.0203875
623872.0	0.0203908
624000.0	0.0203856
624128.0	0.02039
624256.0	0.0203792
624384.0	0.0203735
624512.0	0.0204068
624640.0	0.0203778
624768.0	0.0203943
624896.0	0.0203831
625024.0	0.0203959
625152.0	0.0203824
625280.0	0.0203876
625408.0	0.0203823
625536.0	0.0203871
625664.0	0.0204055
625792.0	0.0203783
625920.0	0.0204001
626048.0	0.0203749
626176.0	0.0203851
626304.0	0.0203926
626432.0	0.0203826
626560.0	0.0203803
626688.0	0.0203844
626816.0	0.0203793
626944.0	0.0204019
627072.0	0.0203856
627200.0	0.0203965
627328.0	0.0204007
627456.0	0.0203956
627584.0	0.0203865
627712.0	0.020383
627840.0	0.020384
627968.0	0.020397
628096.0	0.0203926
628224.0	0.0203822
628352.0	0.0203936
628480.0	0.0203829
628608.0	0.0203905
628736.0	0.020387
628864.0	0.020397
628992.0	0.0203951
629120.0	0.0203926
629248.0	0.0203895
629376.0	0.0203863
629504.0	0.0203872
629632.0	0.0203843
629760.0	0.0203808
629888.0	0.0203909
630016.0	0.0204057
630144.0	0.0203897
630272.0	0.0203891
630400.0	0.0203889
630528.0	0.0203906
630656.0	0.0203896
630784.0	0.0203911
630912.0	0.0203918
631040.0	0.0203852
631168.0	0.0203841
631296.0	0.0203902
631424.0	0.0203836
631552.0	0.0203856
631680.0	0.020397
631808.0	0.0203963
631936.0	0.0203947
632064.0	0.020398
632192.0	0.0203861
632320.0	0.020384
632448.0	0.0203848
632576.0	0.0203889
632704.0	0.0203928
632832.0	0.0203854
632960.0	0.0203878
633088.0	0.0203915
633216.0	0.0203897
633344.0	0.0203912
633472.0	0.020389
633600.0	0.0203866
