########

	Model: LSTM with ~6500 parameters on

#Task:
 # Copying Task with T=1000

########

0.0	2.72868
128.0	2.46056
256.0	2.25568
384.0	2.12671
512.0	2.02253
640.0	1.93069
768.0	1.84748
896.0	1.76943
1024.0	1.69444
1152.0	1.62166
1280.0	1.54992
1408.0	1.47832
1536.0	1.40652
1664.0	1.33496
1792.0	1.26206
1920.0	1.18861
2048.0	1.11456
2176.0	1.0393
2304.0	0.963992
2432.0	0.888027
2560.0	0.811729
2688.0	0.736641
2816.0	0.663511
2944.0	0.594624
3072.0	0.531526
3200.0	0.473572
3328.0	0.42358
3456.0	0.377883
3584.0	0.33914
3712.0	0.30602
3840.0	0.279632
3968.0	0.256918
4096.0	0.238182
4224.0	0.223477
4352.0	0.209118
4480.0	0.197783
4608.0	0.188641
4736.0	0.180054
4864.0	0.17252
4992.0	0.167174
5120.0	0.307052
5248.0	0.764469
5376.0	0.566551
5504.0	0.389871
5632.0	0.287018
5760.0	0.275184
5888.0	0.323001
6016.0	0.209834
6144.0	0.170588
6272.0	0.164753
6400.0	0.160652
6528.0	0.156796
6656.0	0.153183
6784.0	0.149667
6912.0	0.146017
7040.0	0.144104
7168.0	0.141994
7296.0	0.139032
7424.0	0.13705
7552.0	0.135324
7680.0	0.132972
7808.0	0.131076
7936.0	0.129241
8064.0	0.127323
8192.0	0.12587
8320.0	0.124078
8448.0	0.123257
8576.0	0.121449
8704.0	0.119287
8832.0	0.118401
8960.0	0.117437
9088.0	0.115589
9216.0	0.114898
9344.0	0.113073
9472.0	0.112622
9600.0	0.111396
9728.0	0.11035
9856.0	0.108808
9984.0	0.107942
10112.0	0.107041
10240.0	0.106605
10368.0	0.10527
10496.0	0.104184
10624.0	0.103425
10752.0	0.102765
10880.0	0.102034
11008.0	0.101414
11136.0	0.100356
11264.0	0.0994473
11392.0	0.0991981
11520.0	0.0988384
11648.0	0.0977755
11776.0	0.0967444
11904.0	0.0968572
12032.0	0.0956619
12160.0	0.0954296
12288.0	0.0947983
12416.0	0.0942322
12544.0	0.0936089
12672.0	0.0926869
12800.0	0.0925458
12928.0	0.0916301
13056.0	0.0917355
13184.0	0.0909653
13312.0	0.0907224
13440.0	0.0900879
13568.0	0.0899254
13696.0	0.0897793
13824.0	0.0888275
13952.0	0.0887413
14080.0	0.0885819
14208.0	0.0882722
14336.0	0.0877012
14464.0	0.0874024
14592.0	0.0871211
14720.0	0.0869952
14848.0	0.0864506
14976.0	0.0863374
15104.0	0.0858318
15232.0	0.0855228
15360.0	0.0856342
15488.0	0.0852356
15616.0	0.084839
15744.0	0.0846322
15872.0	0.0846759
16000.0	0.0840855
16128.0	0.0838107
16256.0	0.0837641
16384.0	0.0835813
16512.0	0.0829628
16640.0	0.0826776
16768.0	0.0826145
16896.0	0.0823199
17024.0	0.0820724
17152.0	0.081679
17280.0	0.0813166
17408.0	0.0808841
17536.0	0.0804712
17664.0	0.14562
17792.0	0.0819631
17920.0	0.0813368
18048.0	0.0811303
18176.0	0.0808718
18304.0	0.0805872
18432.0	0.0801796
18560.0	0.0798843
18688.0	0.0795479
18816.0	0.0791135
18944.0	0.0821939
19072.0	0.138526
19200.0	0.138587
19328.0	0.109588
19456.0	0.100593
19584.0	0.0958245
19712.0	0.0921284
19840.0	0.0899966
19968.0	0.0881024
20096.0	0.0863725
20224.0	0.0851919
20352.0	0.0845579
20480.0	0.0836528
20608.0	0.0825902
20736.0	0.0820777
20864.0	0.0814963
20992.0	0.0809689
21120.0	0.0807506
21248.0	0.0802218
21376.0	0.0800047
21504.0	0.0795136
21632.0	0.0793905
21760.0	0.0791749
21888.0	0.0788936
22016.0	0.0786687
22144.0	0.07873
22272.0	0.078332
22400.0	0.0781625
22528.0	0.0779726
22656.0	0.0780657
22784.0	0.0780552
22912.0	0.0777902
23040.0	0.0775961
23168.0	0.0775589
23296.0	0.0772972
23424.0	0.0771538
23552.0	0.077085
23680.0	0.0770472
23808.0	0.0769037
23936.0	0.0767767
24064.0	0.0766963
24192.0	0.0766457
24320.0	0.0764177
24448.0	0.0764553
24576.0	0.0762336
24704.0	0.0760578
24832.0	0.0760136
24960.0	0.0757857
25088.0	0.0756254
25216.0	0.0755019
25344.0	0.0753601
25472.0	0.0752435
25600.0	0.0750424
25728.0	0.0747994
25856.0	0.0746406
25984.0	0.0756187
26112.0	0.0760972
26240.0	0.0746192
26368.0	0.0741446
26496.0	0.0737528
26624.0	0.0732691
26752.0	0.0731308
26880.0	0.0748644
27008.0	0.0750014
27136.0	0.0740098
27264.0	0.0732564
27392.0	0.0726528
27520.0	0.0719561
27648.0	0.0709871
27776.0	0.0712366
27904.0	0.0780674
28032.0	0.109888
28160.0	0.0974459
28288.0	0.14914
28416.0	0.115395
28544.0	0.1147
28672.0	0.105224
28800.0	0.103113
28928.0	0.0977401
29056.0	0.0885848
29184.0	0.0935123
29312.0	0.0863908
29440.0	0.0831613
29568.0	0.087748
29696.0	0.0808009
29824.0	0.0819792
29952.0	0.0833688
30080.0	0.0764038
30208.0	0.0754677
30336.0	0.0807039
30464.0	0.0763165
30592.0	0.0814807
30720.0	0.0810731
30848.0	0.0748998
30976.0	0.0785847
31104.0	0.0753346
31232.0	0.0748087
31360.0	0.0736965
31488.0	0.078338
31616.0	0.0744731
31744.0	0.0752462
31872.0	0.0746472
32000.0	0.0746005
32128.0	0.0744271
32256.0	0.0743309
32384.0	0.0742874
32512.0	0.0740173
32640.0	0.0735152
32768.0	0.073556
32896.0	0.0735013
33024.0	0.0730733
33152.0	0.0731617
33280.0	0.0729171
33408.0	0.0727752
33536.0	0.0725815
33664.0	0.0725703
33792.0	0.0723619
33920.0	0.0719589
34048.0	0.0717537
34176.0	0.0710137
34304.0	0.0706027
34432.0	0.0697107
34560.0	0.0688767
34688.0	0.0677418
34816.0	0.072403
34944.0	0.0771054
35072.0	0.0697892
35200.0	0.069384
35328.0	0.069124
35456.0	0.0686594
35584.0	0.0679748
35712.0	0.0677245
35840.0	0.0671857
35968.0	0.0666826
36096.0	0.0661603
36224.0	0.0656027
36352.0	0.0651318
36480.0	0.0642835
36608.0	0.0632519
36736.0	0.0709173
36864.0	0.0730709
36992.0	0.0644828
37120.0	0.0755144
37248.0	0.0663908
37376.0	0.0805353
37504.0	0.104054
37632.0	0.0760731
37760.0	0.0663493
37888.0	0.0850633
38016.0	0.0724084
38144.0	0.0717608
38272.0	0.0712731
38400.0	0.0708892
38528.0	0.0704102
38656.0	0.0700247
38784.0	0.0696155
38912.0	0.0691417
39040.0	0.0687048
39168.0	0.0683176
39296.0	0.0679569
39424.0	0.0676073
39552.0	0.0673326
39680.0	0.0669551
39808.0	0.0666732
39936.0	0.0664946
40064.0	0.0660783
40192.0	0.0657608
40320.0	0.0667406
40448.0	0.069129
40576.0	0.0680886
40704.0	0.0673279
40832.0	0.066578
40960.0	0.0659761
41088.0	0.0652259
41216.0	0.0652878
41344.0	0.0649131
41472.0	0.0645966
41600.0	0.0641371
41728.0	0.061948
41856.0	0.0803851
41984.0	0.066853
42112.0	0.0601523
42240.0	0.0607543
42368.0	0.0661352
42496.0	0.0663402
42624.0	0.0702087
42752.0	0.073114
42880.0	0.07009
43008.0	0.0690984
43136.0	0.0683086
43264.0	0.0675008
43392.0	0.0668287
43520.0	0.0661226
43648.0	0.0655305
43776.0	0.065098
43904.0	0.0646221
44032.0	0.0642612
44160.0	0.0639923
44288.0	0.0636376
44416.0	0.0632996
44544.0	0.0630515
44672.0	0.0627306
44800.0	0.0624068
44928.0	0.0621719
45056.0	0.0618588
45184.0	0.0614638
45312.0	0.0610391
45440.0	0.0606827
45568.0	0.0602464
45696.0	0.0598248
45824.0	0.059334
45952.0	0.0587551
46080.0	0.0581968
46208.0	0.057597
46336.0	0.0568968
46464.0	0.0568425
46592.0	0.0721067
46720.0	0.0699584
46848.0	0.0687623
46976.0	0.0691388
47104.0	0.0648498
47232.0	0.0686154
47360.0	0.0628434
47488.0	0.0628586
47616.0	0.0617806
47744.0	0.0608259
47872.0	0.06001
48000.0	0.0597128
48128.0	0.0589171
48256.0	0.0580264
48384.0	0.0571574
48512.0	0.0562771
48640.0	0.0553549
48768.0	0.0544227
48896.0	0.0533904
49024.0	0.0526513
49152.0	0.0516689
49280.0	0.0506855
49408.0	0.0496514
49536.0	0.0486791
49664.0	0.0476029
49792.0	0.0464283
49920.0	0.0452292
50048.0	0.0440084
50176.0	0.0429342
50304.0	0.0415752
50432.0	0.0406714
50560.0	0.046962
50688.0	0.0718147
50816.0	0.0467824
50944.0	0.0418188
51072.0	0.0480194
51200.0	0.106628
51328.0	0.0970989
51456.0	0.0585064
51584.0	0.0580935
51712.0	0.0602111
51840.0	0.0589206
51968.0	0.0574428
52096.0	0.0559292
52224.0	0.0540251
52352.0	0.0515064
52480.0	0.04894
52608.0	0.0462877
52736.0	0.0442449
52864.0	0.0431306
52992.0	0.0458294
53120.0	0.0519143
53248.0	0.0476189
53376.0	0.0452447
53504.0	0.0434336
53632.0	0.0436036
53760.0	0.0507654
53888.0	0.0444289
54016.0	0.0414718
54144.0	0.040522
54272.0	0.0394684
54400.0	0.0386174
54528.0	0.0378551
54656.0	0.037126
54784.0	0.0365525
54912.0	0.0360584
55040.0	0.035528
55168.0	0.0350921
55296.0	0.0345825
55424.0	0.0341465
55552.0	0.0337371
55680.0	0.0334662
55808.0	0.0331621
55936.0	0.0327791
56064.0	0.032447
56192.0	0.0322062
56320.0	0.0319612
56448.0	0.0318036
56576.0	0.0314816
56704.0	0.0311442
56832.0	0.0309452
56960.0	0.0308304
57088.0	0.0305335
57216.0	0.0303574
57344.0	0.0301625
57472.0	0.0298888
57600.0	0.0296245
57728.0	0.0293801
57856.0	0.0293046
57984.0	0.0290277
58112.0	0.028885
58240.0	0.0287038
58368.0	0.0287517
58496.0	0.0349187
58624.0	0.0384298
58752.0	0.0304888
58880.0	0.0592184
59008.0	0.0680878
59136.0	0.0799675
59264.0	0.0695154
59392.0	0.0691013
59520.0	0.052264
59648.0	0.0460512
59776.0	0.0611109
59904.0	0.0482882
60032.0	0.0460988
60160.0	0.0444161
60288.0	0.0427521
60416.0	0.0415985
60544.0	0.0406834
60672.0	0.0399737
60800.0	0.0391812
60928.0	0.0387103
61056.0	0.0383036
61184.0	0.0375178
61312.0	0.0370499
61440.0	0.0366844
61568.0	0.0362281
61696.0	0.0357597
61824.0	0.035341
61952.0	0.0349213
62080.0	0.0346354
62208.0	0.0341844
62336.0	0.0337901
62464.0	0.0333939
62592.0	0.0331055
62720.0	0.0327873
62848.0	0.0323421
62976.0	0.0321189
63104.0	0.0316926
63232.0	0.0314084
63360.0	0.0311857
63488.0	0.0307911
63616.0	0.0306108
63744.0	0.030284
63872.0	0.0301155
64000.0	0.0297329
64128.0	0.02967
64256.0	0.0294705
64384.0	0.0291803
64512.0	0.0290164
64640.0	0.0288515
64768.0	0.0285101
64896.0	0.0284201
65024.0	0.0281646
65152.0	0.0280445
65280.0	0.0279468
65408.0	0.0277071
65536.0	0.0275051
65664.0	0.0273105
65792.0	0.0272245
65920.0	0.0270587
66048.0	0.0267949
66176.0	0.0267182
66304.0	0.0265747
66432.0	0.0264637
66560.0	0.0262646
66688.0	0.0261536
66816.0	0.0259516
66944.0	0.0257831
67072.0	0.0257054
67200.0	0.0255355
67328.0	0.0255457
67456.0	0.0253512
67584.0	0.0251707
67712.0	0.0250134
67840.0	0.0250059
67968.0	0.0248144
68096.0	0.0247562
68224.0	0.0246713
68352.0	0.0245793
68480.0	0.0257015
68608.0	0.0266228
68736.0	0.030782
68864.0	0.0757446
68992.0	0.0516283
69120.0	0.0269803
69248.0	0.0265731
69376.0	0.0263491
69504.0	0.0262193
69632.0	0.0259412
69760.0	0.0259375
69888.0	0.0258697
70016.0	0.0257696
70144.0	0.0256359
70272.0	0.0255618
70400.0	0.0254293
70528.0	0.0253443
70656.0	0.0252922
70784.0	0.0252089
70912.0	0.0250572
71040.0	0.0249677
71168.0	0.0247857
71296.0	0.0413498
71424.0	0.0403395
71552.0	0.0948464
71680.0	0.0884267
71808.0	0.0822031
71936.0	0.0752798
72064.0	0.0674611
72192.0	0.058661
72320.0	0.0471705
72448.0	0.0350401
72576.0	0.0309665
72704.0	0.0294852
72832.0	0.0287916
72960.0	0.0281466
73088.0	0.0277831
73216.0	0.0275037
73344.0	0.0273633
73472.0	0.0271988
73600.0	0.0270552
73728.0	0.0269325
73856.0	0.0268695
73984.0	0.0265804
74112.0	0.0264542
74240.0	0.0263459
74368.0	0.0261882
74496.0	0.0260884
74624.0	0.0259165
74752.0	0.025825
74880.0	0.0256177
75008.0	0.0254943
75136.0	0.0253038
75264.0	0.0251297
75392.0	0.025035
75520.0	0.0249622
75648.0	0.0248048
75776.0	0.0246269
75904.0	0.0244682
76032.0	0.0243075
76160.0	0.0241968
76288.0	0.0240693
76416.0	0.0240689
76544.0	0.024546
76672.0	0.0557256
76800.0	0.0251336
76928.0	0.0246821
77056.0	0.0243813
77184.0	0.0242512
77312.0	0.0239157
77440.0	0.0237707
77568.0	0.0236066
77696.0	0.0234216
77824.0	0.0233491
77952.0	0.0232578
78080.0	0.0232133
78208.0	0.0230619
78336.0	0.0230485
78464.0	0.0229418
78592.0	0.022906
78720.0	0.0228235
78848.0	0.0227601
78976.0	0.0227576
79104.0	0.0226469
79232.0	0.0225914
79360.0	0.0224873
79488.0	0.0225113
79616.0	0.0224527
79744.0	0.0223833
79872.0	0.0223363
80000.0	0.022364
80128.0	0.0223284
80256.0	0.0222898
80384.0	0.0222368
80512.0	0.0222267
80640.0	0.0220852
80768.0	0.0221104
80896.0	0.0220786
81024.0	0.0220241
81152.0	0.0220179
81280.0	0.021961
81408.0	0.0218961
81536.0	0.0218744
81664.0	0.0217839
81792.0	0.0217624
81920.0	0.0217101
82048.0	0.0216771
82176.0	0.0217101
82304.0	0.0221601
82432.0	0.664604
82560.0	0.0321241
82688.0	0.0301372
82816.0	0.029065
82944.0	0.0282126
83072.0	0.027637
83200.0	0.0271339
83328.0	0.0265929
83456.0	0.026358
83584.0	0.0258547
83712.0	0.0256294
83840.0	0.0253317
83968.0	0.0252253
84096.0	0.024877
84224.0	0.024592
84352.0	0.0244775
84480.0	0.0242104
84608.0	0.024114
84736.0	0.0238795
84864.0	0.0238205
84992.0	0.0235763
85120.0	0.0235667
85248.0	0.0233582
85376.0	0.0232444
85504.0	0.02317
85632.0	0.0230386
85760.0	0.022856
85888.0	0.0227934
86016.0	0.0231505
86144.0	0.0226614
86272.0	0.0226346
86400.0	0.0225022
86528.0	0.0224573
86656.0	0.0223761
86784.0	0.0223041
86912.0	0.0222629
87040.0	0.0223106
87168.0	0.0222099
87296.0	0.0222029
87424.0	0.0220866
87552.0	0.022111
87680.0	0.0221103
87808.0	0.022065
87936.0	0.0220049
88064.0	0.0220028
88192.0	0.0219179
88320.0	0.0219071
88448.0	0.0219222
88576.0	0.0218907
88704.0	0.0218201
88832.0	0.0218323
88960.0	0.0218248
89088.0	0.0217803
89216.0	0.0217489
89344.0	0.0217234
89472.0	0.0217154
89600.0	0.0216397
89728.0	0.0216225
89856.0	0.0216257
89984.0	0.0216366
90112.0	0.0216017
90240.0	0.0215523
90368.0	0.0215012
90496.0	0.0214863
90624.0	0.0214627
90752.0	0.0214392
90880.0	0.0215081
91008.0	0.0228083
91136.0	0.0216624
91264.0	0.0248291
91392.0	0.0399877
91520.0	0.0258525
91648.0	0.0263802
91776.0	0.0231513
91904.0	0.0245309
92032.0	0.0219167
92160.0	0.0217699
92288.0	0.0216998
92416.0	0.0216405
92544.0	0.0215465
92672.0	0.0215466
92800.0	0.0214926
92928.0	0.0214452
93056.0	0.0214172
93184.0	0.0214216
93312.0	0.0216315
93440.0	0.0214309
93568.0	0.0213979
93696.0	0.0214079
93824.0	0.0213896
93952.0	0.0213757
94080.0	0.0213219
94208.0	0.0213297
94336.0	0.0213256
94464.0	0.0212988
94592.0	0.0212805
94720.0	0.0213066
94848.0	0.0212609
94976.0	0.0212476
95104.0	0.021209
95232.0	0.0212017
95360.0	0.0211966
95488.0	0.0211827
95616.0	0.0211776
95744.0	0.0211823
95872.0	0.0211535
96000.0	0.0211496
96128.0	0.0210968
96256.0	0.0210972
96384.0	0.0210817
96512.0	0.0210589
96640.0	0.0210728
96768.0	0.0210763
96896.0	0.0210333
97024.0	0.0210369
97152.0	0.0210126
97280.0	0.021027
97408.0	0.0209888
97536.0	0.0210182
97664.0	0.0209924
97792.0	0.0209394
97920.0	0.0209326
98048.0	0.0209216
98176.0	0.0209367
98304.0	0.0209191
98432.0	0.0208887
98560.0	0.0208717
98688.0	0.0208805
98816.0	0.0208705
98944.0	0.0208673
99072.0	0.0208079
99200.0	0.0208309
99328.0	0.0208553
99456.0	0.0208625
99584.0	0.0209465
99712.0	0.0211518
99840.0	0.0223675
99968.0	0.147244
100096.0	0.0213555
100224.0	0.0213276
100352.0	0.0213319
100480.0	0.0213251
100608.0	0.0213045
100736.0	0.0212684
100864.0	0.0212356
100992.0	0.0212148
101120.0	0.0212455
101248.0	0.0211933
101376.0	0.021154
101504.0	0.0212118
101632.0	0.0211129
101760.0	0.0210952
101888.0	0.0211545
102016.0	0.0211082
102144.0	0.0210675
102272.0	0.021106
102400.0	0.0210912
102528.0	0.0210457
102656.0	0.0210664
102784.0	0.0210356
102912.0	0.0210531
103040.0	0.0210382
103168.0	0.0210232
103296.0	0.0210251
103424.0	0.0210076
103552.0	0.0210134
103680.0	0.0209792
103808.0	0.0209588
103936.0	0.0209771
104064.0	0.0209748
104192.0	0.0209634
104320.0	0.0209457
104448.0	0.0209296
104576.0	0.0209329
104704.0	0.0209302
104832.0	0.0209211
104960.0	0.0209226
105088.0	0.0209
105216.0	0.020893
105344.0	0.0208647
105472.0	0.0209026
105600.0	0.0208623
105728.0	0.0208767
105856.0	0.0208787
105984.0	0.0208689
106112.0	0.0208608
106240.0	0.0208658
106368.0	0.0211958
106496.0	0.0220038
106624.0	0.0345965
106752.0	0.0335298
106880.0	0.0233983
107008.0	0.0229402
107136.0	0.0227503
107264.0	0.0239435
107392.0	0.525252
107520.0	0.0219403
107648.0	0.021949
107776.0	0.0218872
107904.0	0.0218437
108032.0	0.0218132
108160.0	0.0217861
108288.0	0.0217934
108416.0	0.0217335
108544.0	0.0217567
108672.0	0.0217336
108800.0	0.0217024
108928.0	0.0216808
109056.0	0.0216525
109184.0	0.021642
109312.0	0.0216117
109440.0	0.0216312
109568.0	0.0215974
109696.0	0.0216039
109824.0	0.0215312
109952.0	0.0215542
110080.0	0.0215245
110208.0	0.0215038
110336.0	0.0214825
110464.0	0.0214774
110592.0	0.0214568
110720.0	0.0214455
110848.0	0.0214033
110976.0	0.0214075
111104.0	0.0213991
111232.0	0.0213533
111360.0	0.0213691
111488.0	0.0213577
111616.0	0.0213197
111744.0	0.0213078
111872.0	0.021319
112000.0	0.0212621
112128.0	0.0212679
112256.0	0.0212658
112384.0	0.0212485
112512.0	0.0212296
112640.0	0.0211932
112768.0	0.0211884
112896.0	0.0211861
113024.0	0.0211754
113152.0	0.0211546
113280.0	0.021132
113408.0	0.0211343
113536.0	0.0210977
113664.0	0.0211067
113792.0	0.0210899
113920.0	0.0210874
114048.0	0.0210623
114176.0	0.0210313
114304.0	0.0210391
114432.0	0.0210342
114560.0	0.0210181
114688.0	0.0209897
114816.0	0.0210167
114944.0	0.0209914
115072.0	0.0209813
115200.0	0.0209631
115328.0	0.0209526
115456.0	0.0209489
115584.0	0.0209418
115712.0	0.0209359
115840.0	0.0209113
115968.0	0.0208934
116096.0	0.0208976
116224.0	0.0208713
116352.0	0.0208614
116480.0	0.0208706
116608.0	0.0208223
116736.0	0.0208518
116864.0	0.0208404
116992.0	0.0208106
117120.0	0.0208106
117248.0	0.0208198
117376.0	0.0208143
117504.0	0.0208149
117632.0	0.0207772
117760.0	0.0208079
117888.0	0.0207781
118016.0	0.0207778
118144.0	0.0207483
118272.0	0.0207459
118400.0	0.0207357
118528.0	0.0207481
118656.0	0.0207244
118784.0	0.0207005
118912.0	0.0207224
119040.0	0.020688
119168.0	0.020699
119296.0	0.020676
119424.0	0.020671
119552.0	0.0206855
119680.0	0.0206716
119808.0	0.0206615
119936.0	0.0206661
120064.0	0.0206511
120192.0	0.0206193
120320.0	0.0206446
120448.0	0.0206236
120576.0	0.0206323
120704.0	0.0206086
120832.0	0.020595
120960.0	0.0206077
121088.0	0.0205912
121216.0	0.0205565
121344.0	0.0205917
121472.0	0.0205857
121600.0	0.020577
121728.0	0.0205568
121856.0	0.0205734
121984.0	0.0205611
122112.0	0.0205414
122240.0	0.0205543
122368.0	0.0205524
122496.0	0.0205536
122624.0	0.0205456
122752.0	0.0205275
122880.0	0.0205242
123008.0	0.0205861
123136.0	0.0206049
123264.0	0.0206365
123392.0	0.0206181
123520.0	0.0205477
123648.0	0.0205187
123776.0	0.0205212
123904.0	0.0205008
124032.0	0.0205091
124160.0	0.0204964
124288.0	0.0205036
124416.0	0.0204887
124544.0	0.0204873
124672.0	0.0205055
124800.0	0.0204805
124928.0	0.0204727
125056.0	0.0204855
125184.0	0.0204778
125312.0	0.0205145
125440.0	0.0207496
125568.0	0.0209621
125696.0	0.0210051
125824.0	0.316274
125952.0	0.0206461
126080.0	0.0206457
126208.0	0.020584
126336.0	0.0206015
126464.0	0.0205956
126592.0	0.0205997
126720.0	0.0206087
126848.0	0.0205981
126976.0	0.0205746
127104.0	0.0205782
127232.0	0.0205748
127360.0	0.0205875
127488.0	0.0205923
127616.0	0.0205894
127744.0	0.0205846
127872.0	0.0205425
128000.0	0.0205643
128128.0	0.020552
128256.0	0.0205399
128384.0	0.020528
128512.0	0.0205593
128640.0	0.0205415
128768.0	0.0205316
128896.0	0.0205552
129024.0	0.0205493
129152.0	0.0205399
129280.0	0.0205305
129408.0	0.0205111
129536.0	0.0205134
129664.0	0.0205126
129792.0	0.0205209
129920.0	0.020512
130048.0	0.0205194
130176.0	0.0205214
130304.0	0.0205374
130432.0	0.0205024
130560.0	0.0205084
130688.0	0.0205047
130816.0	0.0205162
130944.0	0.020518
131072.0	0.020522
131200.0	0.0205012
131328.0	0.0205102
131456.0	0.0205117
131584.0	0.0204992
131712.0	0.0204879
131840.0	0.0205041
131968.0	0.0204903
132096.0	0.0204916
132224.0	0.0205048
132352.0	0.020487
132480.0	0.0204763
132608.0	0.0204933
132736.0	0.0205016
132864.0	0.0205145
132992.0	0.0204901
133120.0	0.0204817
133248.0	0.0204955
133376.0	0.0204916
133504.0	0.0204859
133632.0	0.0204865
133760.0	0.0204811
133888.0	0.0204813
134016.0	0.0204831
134144.0	0.0204797
134272.0	0.0204677
134400.0	0.0204674
134528.0	0.0204687
134656.0	0.020477
134784.0	0.0204633
134912.0	0.0204829
135040.0	0.0204648
135168.0	0.0204765
135296.0	0.0204825
135424.0	0.0204801
135552.0	0.0204712
135680.0	0.0204785
135808.0	0.0204686
135936.0	0.020471
136064.0	0.0204726
136192.0	0.0204552
136320.0	0.0204814
136448.0	0.0204617
136576.0	0.0204624
136704.0	0.0204674
136832.0	0.0204595
136960.0	0.0204568
137088.0	0.0204697
137216.0	0.0204697
137344.0	0.0204554
137472.0	0.0204467
137600.0	0.0204612
137728.0	0.0204633
137856.0	0.0204573
137984.0	0.0204598
138112.0	0.0204555
138240.0	0.0204397
138368.0	0.0204515
138496.0	0.0204703
138624.0	0.0204575
138752.0	0.0204553
138880.0	0.0204442
139008.0	0.0204495
139136.0	0.0204627
139264.0	0.0204384
139392.0	0.0204475
139520.0	0.0204432
139648.0	0.0204331
139776.0	0.0204372
139904.0	0.0204369
140032.0	0.0204577
140160.0	0.0204482
140288.0	0.0204344
140416.0	0.0204406
140544.0	0.0204408
140672.0	0.0204425
140800.0	0.0204423
140928.0	0.0204285
141056.0	0.0204456
141184.0	0.0204607
141312.0	0.0204309
141440.0	0.0204255
141568.0	0.020445
141696.0	0.0204198
141824.0	0.0204402
141952.0	0.0204516
142080.0	0.0204245
142208.0	0.0204304
142336.0	0.0204351
142464.0	0.0204309
142592.0	0.0204461
142720.0	0.0204277
142848.0	0.0204222
142976.0	0.0204346
143104.0	0.0204255
143232.0	0.0204189
143360.0	0.0204203
143488.0	0.0204216
143616.0	0.0204305
143744.0	0.0204258
143872.0	0.0204332
144000.0	0.0204341
144128.0	0.0204344
144256.0	0.020442
144384.0	0.0204852
144512.0	0.0206332
144640.0	0.0204569
144768.0	0.0204194
144896.0	0.0204289
145024.0	0.0204402
145152.0	0.0204244
145280.0	0.0204117
145408.0	0.0204173
145536.0	0.0204196
145664.0	0.0204287
145792.0	0.0204173
145920.0	0.0204403
146048.0	0.0204069
146176.0	0.0204156
146304.0	0.0204039
146432.0	0.0204214
146560.0	0.0204314
146688.0	0.0204194
146816.0	0.0204025
146944.0	0.0204323
147072.0	0.0204218
147200.0	0.020399
147328.0	0.0204428
147456.0	0.0204424
147584.0	0.0204142
147712.0	0.0203901
147840.0	0.0204236
147968.0	0.0204056
148096.0	0.0204107
148224.0	0.0204118
148352.0	0.0204406
148480.0	0.0204048
148608.0	0.020404
148736.0	0.0204212
148864.0	0.0204239
148992.0	0.0203923
149120.0	0.0204111
149248.0	0.0204463
149376.0	0.0204324
149504.0	0.0204053
149632.0	0.0203917
149760.0	0.0204124
149888.0	0.0204192
150016.0	0.020411
150144.0	0.020424
150272.0	0.0204034
150400.0	0.0204217
150528.0	0.0204062
150656.0	0.0204103
150784.0	0.0204142
150912.0	0.0204175
151040.0	0.0204228
151168.0	0.0204016
151296.0	0.0204399
151424.0	0.0204104
151552.0	0.020421
151680.0	0.0204231
151808.0	0.0203944
151936.0	0.0204095
152064.0	0.020409
152192.0	0.0204282
152320.0	0.0204138
152448.0	0.0203989
152576.0	0.0203882
152704.0	0.0204408
152832.0	0.0205078
152960.0	0.0835562
153088.0	0.0236346
153216.0	0.0232044
153344.0	0.0228208
153472.0	0.0224309
153600.0	0.0222686
153728.0	0.022003
153856.0	0.0217585
153984.0	0.0215638
154112.0	0.0213351
154240.0	0.0212147
154368.0	0.0210898
154496.0	0.0209632
154624.0	0.0209893
154752.0	0.0208952
154880.0	0.0208374
155008.0	0.0207419
155136.0	0.0206914
155264.0	0.0207195
155392.0	0.0206819
155520.0	0.0206727
155648.0	0.0206244
155776.0	0.0206268
155904.0	0.0205996
156032.0	0.0205437
156160.0	0.0205521
156288.0	0.0205685
156416.0	0.020501
156544.0	0.0204957
156672.0	0.0205232
156800.0	0.0204885
156928.0	0.0204785
157056.0	0.0205133
157184.0	0.0204924
157312.0	0.0204765
157440.0	0.020493
157568.0	0.0204856
157696.0	0.0204759
157824.0	0.0204423
157952.0	0.0204636
158080.0	0.020451
158208.0	0.0204859
158336.0	0.0204624
158464.0	0.0204563
158592.0	0.0204424
158720.0	0.0204416
158848.0	0.0204354
158976.0	0.0204423
159104.0	0.0204222
159232.0	0.0204331
159360.0	0.0204318
159488.0	0.0204518
159616.0	0.0204316
159744.0	0.0204051
159872.0	0.0204282
160000.0	0.020411
160128.0	0.0204367
160256.0	0.0204148
160384.0	0.0204101
160512.0	0.0204248
160640.0	0.0204234
160768.0	0.0204137
160896.0	0.0204059
161024.0	0.0204115
161152.0	0.0204181
161280.0	0.0204219
161408.0	0.0203938
161536.0	0.0204415
161664.0	0.0204092
161792.0	0.0204059
161920.0	0.0204165
162048.0	0.0204138
162176.0	0.0204197
162304.0	0.0204186
162432.0	0.0204123
162560.0	0.0204137
162688.0	0.0204093
162816.0	0.0204019
162944.0	0.0203935
163072.0	0.0203853
163200.0	0.0204273
163328.0	0.0204163
163456.0	0.0204053
163584.0	0.0204177
163712.0	0.0204177
163840.0	0.0203996
163968.0	0.0203949
164096.0	0.0204118
164224.0	0.0204232
164352.0	0.0204014
164480.0	0.0204129
164608.0	0.0204165
164736.0	0.0204217
164864.0	0.0204119
164992.0	0.0204163
165120.0	0.0203994
165248.0	0.0204065
165376.0	0.0204079
165504.0	0.0204088
165632.0	0.0203862
165760.0	0.0204233
165888.0	0.0203957
166016.0	0.0204079
166144.0	0.0204179
166272.0	0.0203982
166400.0	0.020413
166528.0	0.0204036
166656.0	0.0204198
166784.0	0.0203998
166912.0	0.0203822
167040.0	0.0203905
167168.0	0.0203889
167296.0	0.0204041
167424.0	0.0204045
167552.0	0.0204007
167680.0	0.0203962
167808.0	0.020398
167936.0	0.0204027
168064.0	0.0204084
168192.0	0.0203941
168320.0	0.020417
168448.0	0.0204251
168576.0	0.0204093
168704.0	0.0203984
168832.0	0.020393
168960.0	0.0204063
169088.0	0.0204161
169216.0	0.020416
169344.0	0.0203999
169472.0	0.0204041
169600.0	0.0204072
169728.0	0.020408
169856.0	0.0203991
169984.0	0.0204113
170112.0	0.0204054
170240.0	0.0204085
170368.0	0.0204048
170496.0	0.0203994
170624.0	0.0204091
170752.0	0.020388
170880.0	0.020458
171008.0	0.0210248
171136.0	0.0406999
171264.0	3.44729
171392.0	1.73996
171520.0	0.0421852
171648.0	0.0217955
171776.0	0.0224953
171904.0	0.0237751
172032.0	0.0226715
172160.0	0.0316701
172288.0	0.024866
172416.0	0.023885
172544.0	0.0228967
172672.0	0.0334
172800.0	0.0365141
172928.0	0.12805
173056.0	0.0224738
173184.0	0.0452387
173312.0	0.113266
173440.0	0.204393
173568.0	0.198629
173696.0	0.184076
173824.0	0.071202
173952.0	0.137318
174080.0	0.0292937
174208.0	0.0707333
174336.0	0.0423676
174464.0	0.0235051
174592.0	0.0217255
174720.0	0.0222093
174848.0	0.0256491
174976.0	0.0221984
175104.0	0.0227768
175232.0	0.0290885
175360.0	0.0228964
175488.0	0.0232425
175616.0	0.0233486
175744.0	0.0210753
175872.0	0.0209919
176000.0	0.0250233
176128.0	0.023222
176256.0	0.0273548
176384.0	0.0296297
176512.0	0.0252772
176640.0	0.0214667
176768.0	0.0225082
176896.0	0.0206245
177024.0	0.0205753
177152.0	0.0205087
177280.0	0.0205498
177408.0	0.0205509
177536.0	0.0204984
177664.0	0.020541
177792.0	0.0205777
177920.0	0.0204946
178048.0	0.0204761
178176.0	0.0204797
178304.0	0.0204739
178432.0	0.0205411
178560.0	0.0205297
178688.0	0.0204884
178816.0	0.0205196
178944.0	0.0204836
179072.0	0.0205191
179200.0	0.0205435
179328.0	0.020502
179456.0	0.0205066
179584.0	0.0205118
179712.0	0.0204776
179840.0	0.0205507
179968.0	0.0205181
180096.0	0.0205348
180224.0	0.0204745
180352.0	0.0205251
180480.0	0.0205697
180608.0	0.0205388
180736.0	0.0205179
180864.0	0.0205268
180992.0	0.0205103
181120.0	0.0204856
181248.0	0.020476
181376.0	0.0204593
181504.0	0.0204443
181632.0	0.0204755
181760.0	0.0204748
181888.0	0.0204499
182016.0	0.0204276
182144.0	0.0204451
182272.0	0.020456
182400.0	0.0204666
182528.0	0.0204799
182656.0	0.0204787
182784.0	0.0204606
182912.0	0.0204915
183040.0	0.0204626
183168.0	0.0204452
183296.0	0.0204674
183424.0	0.0204422
183552.0	0.0204283
183680.0	0.0204447
183808.0	0.0204572
183936.0	0.0204402
184064.0	0.0204556
184192.0	0.0204538
184320.0	0.0204581
184448.0	0.0204493
184576.0	0.0204367
184704.0	0.0204327
184832.0	0.0204367
184960.0	0.02041
185088.0	0.0204262
185216.0	0.020419
185344.0	0.0204396
185472.0	0.0204536
185600.0	0.0204181
185728.0	0.0204502
185856.0	0.0204359
185984.0	0.020444
186112.0	0.020438
186240.0	0.0204541
186368.0	0.0204016
186496.0	0.0204221
186624.0	0.0204188
186752.0	0.0203951
186880.0	0.0204252
187008.0	0.0204166
187136.0	0.0204147
187264.0	0.0203922
187392.0	0.0204123
187520.0	0.0203972
187648.0	0.0204177
187776.0	0.0204124
187904.0	0.0204327
188032.0	0.0204164
188160.0	0.0204206
188288.0	0.0204103
188416.0	0.0204126
188544.0	0.0204069
188672.0	0.0204318
188800.0	0.0204151
188928.0	0.0204027
189056.0	0.0204246
189184.0	0.0204254
189312.0	0.0204062
189440.0	0.0204053
189568.0	0.0204194
189696.0	0.0204147
189824.0	0.0204247
189952.0	0.0204007
190080.0	0.0203972
190208.0	0.0203929
190336.0	0.0203974
190464.0	0.0204048
190592.0	0.020417
190720.0	0.0204
190848.0	0.0204398
190976.0	0.0204306
191104.0	0.0203977
191232.0	0.0204043
191360.0	0.0204194
191488.0	0.0203929
191616.0	0.0203995
191744.0	0.0204154
191872.0	0.0203979
192000.0	0.0203911
192128.0	0.0203979
192256.0	0.0204138
192384.0	0.0204173
192512.0	0.0204076
192640.0	0.0204063
192768.0	0.0204042
192896.0	0.0204178
193024.0	0.0203956
193152.0	0.0204093
193280.0	0.020402
193408.0	0.0204187
193536.0	0.0203832
193664.0	0.020426
193792.0	0.0204009
193920.0	0.020415
194048.0	0.0203907
194176.0	0.0203984
194304.0	0.0204167
194432.0	0.0204074
194560.0	0.0203992
194688.0	0.0203976
194816.0	0.020405
194944.0	0.0204236
195072.0	0.0203957
195200.0	0.0204043
195328.0	0.0203921
195456.0	0.0203912
195584.0	0.020402
195712.0	0.0203813
195840.0	0.0204115
195968.0	0.0204122
196096.0	0.0203895
196224.0	0.0228243
196352.0	0.378682
196480.0	0.027752
196608.0	0.0340188
196736.0	0.0209032
196864.0	0.0208206
196992.0	0.0231977
197120.0	0.0227371
197248.0	0.0209347
197376.0	0.02738
197504.0	0.0208997
197632.0	0.0205762
197760.0	0.0209439
197888.0	0.0257168
198016.0	0.0206086
198144.0	0.0214076
198272.0	0.0206279
198400.0	0.0249258
198528.0	0.0250207
198656.0	0.0232356
198784.0	0.0206945
198912.0	0.0206704
199040.0	0.0212135
199168.0	0.0211731
199296.0	0.0205455
199424.0	0.0211707
199552.0	0.0206909
199680.0	0.0210229
199808.0	0.0206823
199936.0	0.020549
200064.0	0.0205291
200192.0	0.0205064
200320.0	0.0204811
200448.0	0.0205236
200576.0	0.0205018
200704.0	0.0204667
200832.0	0.0205261
200960.0	0.0205834
201088.0	0.0205804
201216.0	0.020613
201344.0	0.0205477
201472.0	0.0205956
201600.0	0.0205421
201728.0	0.0205339
201856.0	0.0205356
201984.0	0.0205543
202112.0	0.0205187
202240.0	0.020519
202368.0	0.0204953
202496.0	0.020481
202624.0	0.020491
202752.0	0.0205116
202880.0	0.0204875
203008.0	0.0204697
203136.0	0.0204842
203264.0	0.0204773
203392.0	0.0204698
203520.0	0.0204293
203648.0	0.0204511
203776.0	0.0204298
203904.0	0.0204436
204032.0	0.0204643
204160.0	0.0204472
204288.0	0.0204402
204416.0	0.0204438
204544.0	0.0204613
204672.0	0.0204886
204800.0	0.0204545
204928.0	0.0204596
205056.0	0.0204398
205184.0	0.0204547
205312.0	0.02042
205440.0	0.0204468
205568.0	0.0204272
205696.0	0.0204307
205824.0	0.0204404
205952.0	0.020445
206080.0	0.0204185
206208.0	0.0204169
206336.0	0.0204114
206464.0	0.0204107
206592.0	0.020422
206720.0	0.0204101
206848.0	0.0204099
206976.0	0.0204288
207104.0	0.0204101
207232.0	0.0204116
207360.0	0.0204077
207488.0	0.0204287
207616.0	0.0204101
207744.0	0.0204205
207872.0	0.0203857
208000.0	0.0204073
208128.0	0.0204073
208256.0	0.0204173
208384.0	0.0204051
208512.0	0.0203963
208640.0	0.0203956
208768.0	0.0204049
208896.0	0.020415
209024.0	0.0204051
209152.0	0.0204148
209280.0	0.0203866
209408.0	0.0204039
209536.0	0.02041
209664.0	0.0203999
209792.0	0.02041
209920.0	0.0204096
210048.0	0.0204117
210176.0	0.0204113
210304.0	0.020395
210432.0	0.0204073
210560.0	0.0204048
210688.0	0.0203996
210816.0	0.0204094
210944.0	0.0204025
211072.0	0.0203972
211200.0	0.0204051
211328.0	0.0203939
211456.0	0.0204028
211584.0	0.020392
211712.0	0.0204073
211840.0	0.0203916
211968.0	0.0204016
212096.0	0.0203987
212224.0	0.0204086
212352.0	0.0204019
212480.0	0.020401
212608.0	0.0204097
212736.0	0.0203916
212864.0	0.0204056
212992.0	0.0204113
213120.0	0.020394
213248.0	0.0204002
213376.0	0.0206059
213504.0	0.0205538
213632.0	0.020459
213760.0	0.0204205
213888.0	0.0204196
214016.0	0.0204344
214144.0	0.0204073
214272.0	0.0203923
214400.0	0.0204229
214528.0	0.020414
214656.0	0.0203972
214784.0	0.0204132
214912.0	0.0203964
215040.0	0.0204056
215168.0	0.0203999
215296.0	0.0203888
215424.0	0.0204039
215552.0	0.0203987
215680.0	0.0204025
215808.0	0.0204068
215936.0	0.0203947
216064.0	0.0203958
216192.0	0.0204021
216320.0	0.020405
216448.0	0.0204091
216576.0	0.0203872
216704.0	0.020397
216832.0	0.0203969
216960.0	0.0203844
217088.0	0.020401
217216.0	0.0204049
217344.0	0.0204032
217472.0	0.0204059
217600.0	0.0204016
217728.0	0.0203893
217856.0	0.0204039
217984.0	0.0203967
218112.0	0.0204076
218240.0	0.0204063
218368.0	0.0203982
218496.0	0.020397
218624.0	0.0203964
218752.0	0.0203863
218880.0	0.0204151
219008.0	0.0203913
219136.0	0.0204073
219264.0	0.0204022
219392.0	0.0204006
219520.0	0.0204052
219648.0	0.0204033
219776.0	0.0203976
219904.0	0.0204002
220032.0	0.0203972
220160.0	0.0203889
220288.0	0.0204198
220416.0	0.0203899
220544.0	0.0204325
220672.0	0.0203917
220800.0	0.0203928
220928.0	0.0204127
221056.0	0.020391
221184.0	0.0203914
221312.0	0.0203937
221440.0	0.0204032
221568.0	0.0204065
221696.0	0.0203867
221824.0	0.0204067
221952.0	0.0203939
222080.0	0.0203994
222208.0	0.0204067
222336.0	0.0203973
222464.0	0.0203989
222592.0	0.0204159
222720.0	0.0203743
222848.0	0.0203986
222976.0	0.0204205
223104.0	0.0203924
223232.0	0.0204112
223360.0	0.0203978
223488.0	0.020405
223616.0	0.0203897
223744.0	0.0204178
223872.0	0.0203917
224000.0	0.0203947
224128.0	0.0203847
224256.0	0.0204065
224384.0	0.0203898
224512.0	0.0203994
224640.0	0.0204054
224768.0	0.0203963
224896.0	0.0203984
225024.0	0.0203937
225152.0	0.0203855
225280.0	0.0203841
225408.0	0.0204125
225536.0	0.020385
225664.0	0.0204029
225792.0	0.0204166
225920.0	0.0204097
226048.0	0.0204046
226176.0	0.0203822
226304.0	0.020396
226432.0	0.0203752
226560.0	0.020411
226688.0	0.0203968
226816.0	0.0204191
226944.0	0.0203933
227072.0	0.0204031
227200.0	0.0203924
227328.0	0.0204092
227456.0	0.0204033
227584.0	0.0203928
227712.0	0.0204049
227840.0	0.0203954
227968.0	0.0204093
228096.0	0.0203934
228224.0	0.0204318
228352.0	0.0203996
228480.0	0.0204303
228608.0	0.0203961
228736.0	0.020403
228864.0	0.020395
228992.0	0.0204047
229120.0	0.0203883
229248.0	0.0204125
229376.0	0.0204064
229504.0	0.0203944
229632.0	0.0203878
229760.0	0.0203831
229888.0	0.0203961
230016.0	0.0204144
230144.0	0.0203986
230272.0	0.0204101
230400.0	0.0204075
230528.0	0.0203933
230656.0	0.0203899
230784.0	0.0203796
230912.0	0.0203807
231040.0	0.0204168
231168.0	0.0203853
231296.0	0.0204402
231424.0	0.0204059
231552.0	0.0203808
231680.0	0.0204089
231808.0	0.0204126
231936.0	0.0204061
232064.0	0.0203894
232192.0	0.0204027
232320.0	0.0203895
232448.0	0.0203887
232576.0	0.020403
232704.0	0.0203861
232832.0	0.0204187
232960.0	0.0203931
233088.0	0.0203821
233216.0	0.0204076
233344.0	0.0203747
233472.0	0.0204102
233600.0	0.0204127
233728.0	0.0203893
233856.0	0.0203925
233984.0	0.0204075
234112.0	0.0204223
234240.0	0.0203992
234368.0	0.0203815
234496.0	0.0203942
234624.0	0.0204202
234752.0	0.0203795
234880.0	0.0203812
235008.0	0.0203747
235136.0	0.0203965
235264.0	0.0204344
235392.0	0.0203948
235520.0	0.0204038
235648.0	0.0204193
235776.0	0.0203947
235904.0	0.0204029
236032.0	0.0204043
236160.0	0.0203896
236288.0	0.0204112
236416.0	0.0204141
236544.0	0.0203956
236672.0	0.020408
236800.0	0.0203748
236928.0	0.0204006
237056.0	0.0203958
237184.0	0.0204092
237312.0	0.0203994
237440.0	0.0203947
237568.0	0.0203979
237696.0	0.0204161
237824.0	0.0203964
237952.0	0.0204033
238080.0	0.0204078
238208.0	0.0203917
238336.0	0.0203966
238464.0	0.0203965
238592.0	0.020406
238720.0	0.0204088
238848.0	0.0203778
238976.0	0.0204105
239104.0	0.0203977
239232.0	0.0203899
239360.0	0.0204008
239488.0	0.0203818
239616.0	0.0203808
239744.0	0.0203982
239872.0	0.0203991
240000.0	0.0204191
240128.0	0.0204135
240256.0	0.0203944
240384.0	0.020392
240512.0	0.0203977
240640.0	0.0204112
240768.0	0.0204007
240896.0	0.020386
241024.0	0.0203953
241152.0	0.0204099
241280.0	0.0203916
241408.0	0.0203847
241536.0	0.0204161
241664.0	0.0203895
241792.0	0.0203968
241920.0	0.0204302
242048.0	0.0204021
242176.0	0.0203938
242304.0	0.0203921
242432.0	0.0203956
242560.0	0.0204114
242688.0	0.0203903
242816.0	0.0203877
242944.0	0.0203884
243072.0	0.020401
243200.0	0.0203895
243328.0	0.0203914
243456.0	0.0203955
243584.0	0.020413
243712.0	0.0204003
243840.0	0.0203952
243968.0	0.0203981
244096.0	0.0204062
244224.0	0.0203898
244352.0	0.0204062
244480.0	0.0203929
244608.0	0.020412
244736.0	0.0203876
244864.0	0.0204044
244992.0	0.0204201
245120.0	0.0203977
245248.0	0.0203899
245376.0	0.0203926
245504.0	0.0204042
245632.0	0.0204072
245760.0	0.0203903
245888.0	0.0204113
246016.0	0.0203868
246144.0	0.0203904
246272.0	0.0203951
246400.0	0.0203958
246528.0	0.02041
246656.0	0.0204039
246784.0	0.0203818
246912.0	0.0204144
247040.0	0.020397
247168.0	0.0203763
247296.0	0.0203988
247424.0	0.0204239
247552.0	0.0203871
247680.0	0.0203693
247808.0	0.0204039
247936.0	0.0203858
248064.0	0.0203838
248192.0	0.0203957
248320.0	0.020422
248448.0	0.0203851
248576.0	0.0203874
248704.0	0.0204023
248832.0	0.020411
248960.0	0.0203728
249088.0	0.0203911
249216.0	0.0204296
249344.0	0.0204073
249472.0	0.020386
249600.0	0.0203713
249728.0	0.0203972
249856.0	0.0204013
249984.0	0.0203891
250112.0	0.020399
250240.0	0.0203851
250368.0	0.0203929
250496.0	0.0204004
250624.0	0.0203939
250752.0	0.0204016
250880.0	0.0204119
251008.0	0.0203949
251136.0	0.0203845
251264.0	0.0204039
251392.0	0.0204001
251520.0	0.0204029
251648.0	0.0204016
251776.0	0.0203851
251904.0	0.0203905
252032.0	0.0203913
252160.0	0.0204131
252288.0	0.020401
252416.0	0.0203932
252544.0	0.0203884
252672.0	0.0204008
252800.0	0.0203808
252928.0	0.0204143
253056.0	0.0203932
253184.0	0.0203927
253312.0	0.0203882
253440.0	0.0203989
253568.0	0.0203908
253696.0	0.020395
253824.0	0.0203746
253952.0	0.0203957
254080.0	0.0204245
254208.0	0.0204093
254336.0	0.0203962
254464.0	0.020392
254592.0	0.0204017
254720.0	0.020394
254848.0	0.0203777
254976.0	0.020411
255104.0	0.0203827
255232.0	0.0203958
255360.0	0.0203776
255488.0	0.0203932
255616.0	0.0203941
255744.0	0.0203889
255872.0	0.0203914
256000.0	0.0203949
256128.0	0.0204014
256256.0	0.0204092
256384.0	0.0203964
256512.0	0.0204003
256640.0	0.0203875
256768.0	0.0203786
256896.0	0.0204077
257024.0	0.0204045
257152.0	0.0203689
257280.0	0.0203915
257408.0	0.0203926
257536.0	0.0203941
257664.0	0.0204135
257792.0	0.0204071
257920.0	0.0203823
258048.0	0.0203857
258176.0	0.0203985
258304.0	0.0204007
258432.0	0.020382
258560.0	0.0203848
258688.0	0.0203977
258816.0	0.020393
258944.0	0.0204146
259072.0	0.0203934
259200.0	0.0203932
259328.0	0.0203968
259456.0	0.0204
259584.0	0.0203914
259712.0	0.0204061
259840.0	0.0203937
259968.0	0.0203889
260096.0	0.0204196
260224.0	0.0204
260352.0	0.0203848
260480.0	0.0204031
260608.0	0.0203802
260736.0	0.0204154
260864.0	0.020391
260992.0	0.0203754
261120.0	0.0204329
261248.0	0.0203965
261376.0	0.0203706
261504.0	0.0204315
261632.0	0.020391
261760.0	0.0203785
261888.0	0.0203893
262016.0	0.0204126
262144.0	0.0204056
262272.0	0.0203953
262400.0	0.0203949
262528.0	0.0204092
262656.0	0.0203833
262784.0	0.0203804
262912.0	0.0203916
263040.0	0.0203698
263168.0	0.0204146
263296.0	0.0203966
263424.0	0.020389
263552.0	0.0203914
263680.0	0.0203915
263808.0	0.0203767
263936.0	0.0203928
264064.0	0.0203863
264192.0	0.0204117
264320.0	0.0203778
264448.0	0.0203833
264576.0	0.0204035
264704.0	0.0204144
264832.0	0.0204065
264960.0	0.0204119
265088.0	0.0203899
265216.0	0.0204029
265344.0	0.0204104
265472.0	0.0203895
265600.0	0.0203805
265728.0	0.0204239
265856.0	0.0203764
265984.0	0.020407
266112.0	0.0203972
266240.0	0.0203898
266368.0	0.0204145
266496.0	0.020388
266624.0	0.0204124
266752.0	0.0203948
266880.0	0.0203704
267008.0	0.02038
267136.0	0.0203832
267264.0	0.0203993
267392.0	0.0203971
267520.0	0.0203904
267648.0	0.0203819
267776.0	0.0203803
267904.0	0.0203882
268032.0	0.020401
268160.0	0.0203854
268288.0	0.0204115
268416.0	0.0204177
268544.0	0.0204055
268672.0	0.0203929
268800.0	0.020384
268928.0	0.0203999
269056.0	0.0204125
269184.0	0.0204046
269312.0	0.0203884
269440.0	0.0203974
269568.0	0.0203945
269696.0	0.0203982
269824.0	0.0203913
269952.0	0.0204139
270080.0	0.020398
270208.0	0.0203966
270336.0	0.0203922
270464.0	0.0203955
270592.0	0.0204007
270720.0	0.0203813
270848.0	0.0204252
270976.0	0.020393
271104.0	0.0203925
271232.0	0.0203844
271360.0	0.0203776
271488.0	0.0204127
271616.0	0.0204077
271744.0	0.0204
271872.0	0.020406
272000.0	0.0203942
272128.0	0.0203949
272256.0	0.0204185
272384.0	0.0203869
272512.0	0.0203973
272640.0	0.0203886
272768.0	0.0203822
272896.0	0.0203957
273024.0	0.0203974
273152.0	0.02039
273280.0	0.0204046
273408.0	0.0203828
273536.0	0.0204069
273664.0	0.0203771
273792.0	0.0204076
273920.0	0.0203984
274048.0	0.0203905
274176.0	0.0204037
274304.0	0.0203848
274432.0	0.0203902
274560.0	0.0203969
274688.0	0.0203932
274816.0	0.0204074
274944.0	0.0203753
275072.0	0.0203965
275200.0	0.0203767
275328.0	0.0204153
275456.0	0.0204025
275584.0	0.020382
275712.0	0.0203861
275840.0	0.0203887
275968.0	0.0203835
276096.0	0.0203951
276224.0	0.0203702
276352.0	0.0203823
276480.0	0.0204063
276608.0	0.0204095
276736.0	0.0203924
276864.0	0.0203907
276992.0	0.0203852
277120.0	0.0204138
277248.0	0.0203885
277376.0	0.0204013
277504.0	0.0203891
277632.0	0.0203733
277760.0	0.0203922
277888.0	0.0203927
278016.0	0.0203857
278144.0	0.0203753
278272.0	0.020427
278400.0	0.0203975
278528.0	0.0203988
278656.0	0.0203965
278784.0	0.0203807
278912.0	0.0203921
279040.0	0.0204128
279168.0	0.0203922
279296.0	0.0203904
279424.0	0.0203893
279552.0	0.0203838
279680.0	0.0203972
279808.0	0.0204027
279936.0	0.0204119
280064.0	0.0203924
280192.0	0.0203887
280320.0	0.0203927
280448.0	0.0203865
280576.0	0.0204131
280704.0	0.0204005
280832.0	0.0203933
280960.0	0.0203997
281088.0	0.0203912
281216.0	0.020377
281344.0	0.0203671
281472.0	0.0203822
281600.0	0.0204065
281728.0	0.0203958
281856.0	0.0203769
281984.0	0.0203977
282112.0	0.0203837
282240.0	0.0203984
282368.0	0.0203862
282496.0	0.0203909
282624.0	0.0203874
282752.0	0.0204015
282880.0	0.0204044
283008.0	0.0203916
283136.0	0.0203738
283264.0	0.0203921
283392.0	0.0204149
283520.0	0.0203819
283648.0	0.0203794
283776.0	0.0203956
283904.0	0.02041
284032.0	0.0203755
284160.0	0.0204117
284288.0	0.0204068
284416.0	0.0203869
284544.0	0.020395
284672.0	0.0203764
284800.0	0.0204104
284928.0	0.0204023
285056.0	0.0203981
285184.0	0.0204067
285312.0	0.0203885
285440.0	0.0203758
285568.0	0.0203995
285696.0	0.0203898
285824.0	0.0203957
285952.0	0.0203848
286080.0	0.020378
286208.0	0.0204118
286336.0	0.0203832
286464.0	0.0204113
286592.0	0.0203909
286720.0	0.0203885
286848.0	0.0203805
286976.0	0.0204145
287104.0	0.0203971
287232.0	0.0203746
287360.0	0.0203933
287488.0	0.0203779
287616.0	0.020413
287744.0	0.0203937
287872.0	0.0204056
288000.0	0.0203954
288128.0	0.0203928
288256.0	0.0203901
288384.0	0.0203964
288512.0	0.0204065
288640.0	0.0204016
288768.0	0.0203856
288896.0	0.0203842
289024.0	0.0203875
289152.0	0.020417
289280.0	0.0203919
289408.0	0.0203894
289536.0	0.0203963
289664.0	0.0203918
289792.0	0.0203941
289920.0	0.0204083
290048.0	0.0203771
290176.0	0.0203679
290304.0	0.0203733
290432.0	0.0203937
290560.0	0.0203889
290688.0	0.0203908
290816.0	0.020416
290944.0	0.0204106
291072.0	0.0203862
291200.0	0.0203931
291328.0	0.0204049
291456.0	0.0203935
291584.0	0.0203978
291712.0	0.0203891
291840.0	0.0203805
291968.0	0.0203672
292096.0	0.0204011
292224.0	0.0204099
292352.0	0.020406
292480.0	0.0203891
292608.0	0.0203947
292736.0	0.0203933
292864.0	0.0204002
292992.0	0.0203836
293120.0	0.0204011
293248.0	0.020381
293376.0	0.0203908
293504.0	0.0203739
293632.0	0.0204191
293760.0	0.020401
293888.0	0.0204111
294016.0	0.0203809
294144.0	0.0203855
294272.0	0.0204073
294400.0	0.020399
294528.0	0.0203909
294656.0	0.0203921
294784.0	0.0203959
294912.0	0.0204062
295040.0	0.0203927
295168.0	0.0203949
295296.0	0.020385
295424.0	0.0203802
295552.0	0.0203955
295680.0	0.0203764
295808.0	0.0204065
295936.0	0.0204046
296064.0	0.020391
296192.0	0.020401
296320.0	0.0203944
296448.0	0.0203791
296576.0	0.0203941
296704.0	0.0203957
296832.0	0.0203928
296960.0	0.0203904
297088.0	0.020405
297216.0	0.0203951
297344.0	0.0203817
297472.0	0.0203934
297600.0	0.0203838
297728.0	0.0203859
297856.0	0.0204107
297984.0	0.0203968
298112.0	0.0203878
298240.0	0.0203794
298368.0	0.0203872
298496.0	0.0203806
298624.0	0.0204134
298752.0	0.0203785
298880.0	0.0203988
299008.0	0.0203767
299136.0	0.0203904
299264.0	0.0203938
299392.0	0.0203923
299520.0	0.0203946
299648.0	0.0203909
299776.0	0.0204114
299904.0	0.0204003
300032.0	0.0203826
300160.0	0.0203769
300288.0	0.0204153
300416.0	0.0203931
300544.0	0.020396
300672.0	0.0203906
300800.0	0.0204047
300928.0	0.0203898
301056.0	0.0203881
301184.0	0.0203938
301312.0	0.0203824
301440.0	0.0203917
301568.0	0.0203955
301696.0	0.0203796
301824.0	0.0203927
301952.0	0.0204016
302080.0	0.0203881
302208.0	0.0203952
302336.0	0.0204199
302464.0	0.020389
302592.0	0.0203918
302720.0	0.0203863
302848.0	0.020397
302976.0	0.0203904
303104.0	0.0204036
303232.0	0.0203784
303360.0	0.0203879
303488.0	0.0203986
303616.0	0.0204008
303744.0	0.0203824
303872.0	0.0203885
304000.0	0.0204009
304128.0	0.020396
304256.0	0.0204076
304384.0	0.0203985
304512.0	0.0203939
304640.0	0.0203924
304768.0	0.0203893
304896.0	0.0203783
305024.0	0.0203878
305152.0	0.0204013
305280.0	0.0204001
305408.0	0.0203999
305536.0	0.0204014
305664.0	0.0203965
305792.0	0.0203934
305920.0	0.0203941
306048.0	0.0203954
306176.0	0.0203881
306304.0	0.0203975
306432.0	0.0203938
306560.0	0.0204
306688.0	0.0203954
306816.0	0.0204001
306944.0	0.0203913
307072.0	0.0203977
307200.0	0.0203778
307328.0	0.0203841
307456.0	0.0203987
307584.0	0.0203834
307712.0	0.0203829
307840.0	0.020378
307968.0	0.0204023
308096.0	0.0203944
308224.0	0.0204055
308352.0	0.0203958
308480.0	0.0203869
308608.0	0.0203849
308736.0	0.0203863
308864.0	0.0203985
308992.0	0.0203891
309120.0	0.0203991
309248.0	0.0203934
309376.0	0.0203983
309504.0	0.020391
309632.0	0.0203669
309760.0	0.0204044
309888.0	0.0203917
310016.0	0.0203936
310144.0	0.0203913
310272.0	0.0203795
310400.0	0.0204119
310528.0	0.0203834
310656.0	0.0203892
310784.0	0.0204157
310912.0	0.0204048
311040.0	0.0203819
311168.0	0.0203846
311296.0	0.0203848
311424.0	0.020392
311552.0	0.0203956
311680.0	0.0203924
311808.0	0.0203892
311936.0	0.020388
312064.0	0.0203924
312192.0	0.0204021
312320.0	0.0203886
312448.0	0.0203845
312576.0	0.0204073
312704.0	0.0203831
312832.0	0.0203879
312960.0	0.020411
313088.0	0.0203755
313216.0	0.0203786
313344.0	0.0203772
313472.0	0.020402
313600.0	0.0203924
313728.0	0.0204154
313856.0	0.0203898
313984.0	0.0203891
314112.0	0.0203849
314240.0	0.0203673
314368.0	0.0204101
314496.0	0.0204014
314624.0	0.0203985
314752.0	0.0204054
314880.0	0.0203819
315008.0	0.0203934
315136.0	0.0203898
315264.0	0.0203907
315392.0	0.0203921
315520.0	0.0203876
315648.0	0.0203914
315776.0	0.0204039
315904.0	0.0203932
316032.0	0.0203837
316160.0	0.0203971
316288.0	0.0203926
316416.0	0.0204017
316544.0	0.0203798
316672.0	0.0203859
316800.0	0.0203832
316928.0	0.0203818
317056.0	0.0203919
317184.0	0.0204107
317312.0	0.0203927
317440.0	0.0203861
317568.0	0.0203932
317696.0	0.0203815
317824.0	0.020407
317952.0	0.0203868
318080.0	0.0203982
318208.0	0.0203927
318336.0	0.020395
318464.0	0.0203939
318592.0	0.0203928
318720.0	0.0203749
318848.0	0.0204057
318976.0	0.0203855
319104.0	0.0203966
319232.0	0.0203943
319360.0	0.0203946
319488.0	0.0203977
319616.0	0.0203999
319744.0	0.0203896
319872.0	0.0203971
320000.0	0.0203883
320128.0	0.0203813
320256.0	0.0204061
320384.0	0.0203787
320512.0	0.0204234
320640.0	0.0203916
320768.0	0.0203892
320896.0	0.0204051
321024.0	0.020386
321152.0	0.0203844
321280.0	0.020383
321408.0	0.0203976
321536.0	0.0204078
321664.0	0.0203865
321792.0	0.020403
321920.0	0.0203896
322048.0	0.0203897
322176.0	0.0203982
322304.0	0.0203927
322432.0	0.0203942
322560.0	0.0204059
322688.0	0.0203719
322816.0	0.0203859
322944.0	0.0204117
323072.0	0.0203972
323200.0	0.0203952
323328.0	0.0203947
323456.0	0.0203933
323584.0	0.0203864
323712.0	0.0204019
323840.0	0.0203855
323968.0	0.0203877
324096.0	0.0203767
324224.0	0.0203964
324352.0	0.0203841
324480.0	0.0203939
324608.0	0.0203986
324736.0	0.0203903
324864.0	0.0203917
324992.0	0.0203932
325120.0	0.0203786
325248.0	0.0203783
325376.0	0.0204026
325504.0	0.0203791
325632.0	0.0203953
325760.0	0.0204014
325888.0	0.0204059
326016.0	0.0203951
326144.0	0.0203822
326272.0	0.0203868
326400.0	0.0203752
326528.0	0.0204054
326656.0	0.0203842
326784.0	0.0204049
326912.0	0.0203881
327040.0	0.0204003
327168.0	0.0203841
327296.0	0.0204007
327424.0	0.0203959
327552.0	0.0203906
327680.0	0.0203964
327808.0	0.0203911
327936.0	0.0204022
328064.0	0.0203867
328192.0	0.0204202
328320.0	0.0203936
328448.0	0.0204052
328576.0	0.0203858
328704.0	0.0203954
328832.0	0.0203878
328960.0	0.0203968
329088.0	0.0203833
329216.0	0.0204018
329344.0	0.0203934
329472.0	0.0203944
329600.0	0.0203905
329728.0	0.0203792
329856.0	0.0203827
329984.0	0.0204052
330112.0	0.0203864
330240.0	0.0204037
330368.0	0.0203956
330496.0	0.0203905
330624.0	0.0203862
330752.0	0.0203776
330880.0	0.0203857
331008.0	0.0203849
331136.0	0.0203799
331264.0	0.020421
331392.0	0.0204015
331520.0	0.0203808
331648.0	0.0204062
331776.0	0.0203994
331904.0	0.0203977
332032.0	0.0203874
332160.0	0.0203942
332288.0	0.0203886
332416.0	0.0203855
332544.0	0.0203955
332672.0	0.0203825
332800.0	0.020402
332928.0	0.0203882
333056.0	0.0203806
333184.0	0.0203914
333312.0	0.0203729
333440.0	0.0203967
333568.0	0.0203918
333696.0	0.0203931
333824.0	0.0203963
333952.0	0.0203997
334080.0	0.0204143
334208.0	0.0203824
334336.0	0.020383
334464.0	0.0203878
334592.0	0.0204141
334720.0	0.020378
334848.0	0.0203764
334976.0	0.0203762
335104.0	0.0203956
335232.0	0.020425
335360.0	0.0203933
335488.0	0.0203911
335616.0	0.0204008
335744.0	0.0203972
335872.0	0.0203962
336000.0	0.0203902
336128.0	0.0203863
336256.0	0.0203951
336384.0	0.0204062
336512.0	0.0203894
336640.0	0.0204036
336768.0	0.020377
336896.0	0.0203859
337024.0	0.0203974
337152.0	0.0204041
337280.0	0.020397
337408.0	0.0203779
337536.0	0.0203936
337664.0	0.0204118
337792.0	0.0203945
337920.0	0.020392
338048.0	0.0204022
338176.0	0.0203831
338304.0	0.0203923
338432.0	0.0203942
338560.0	0.0203973
338688.0	0.0204022
338816.0	0.0203772
338944.0	0.0203996
339072.0	0.0203961
339200.0	0.020384
339328.0	0.0203978
339456.0	0.020379
339584.0	0.0203791
339712.0	0.020391
339840.0	0.0203866
339968.0	0.020405
340096.0	0.0204051
340224.0	0.0203918
340352.0	0.0203853
340480.0	0.0203896
340608.0	0.0204013
340736.0	0.0203965
340864.0	0.0203858
340992.0	0.0203927
341120.0	0.0204003
341248.0	0.0203886
341376.0	0.0203851
341504.0	0.0203995
341632.0	0.0203815
341760.0	0.0203927
341888.0	0.020418
342016.0	0.0203925
342144.0	0.0203847
342272.0	0.0203869
342400.0	0.0203941
342528.0	0.0203977
342656.0	0.0203853
342784.0	0.020385
342912.0	0.0203874
343040.0	0.0203895
343168.0	0.0203867
343296.0	0.0203832
343424.0	0.0203947
343552.0	0.0204089
343680.0	0.0203924
343808.0	0.020397
343936.0	0.0203947
344064.0	0.0204006
344192.0	0.0203807
344320.0	0.0203905
344448.0	0.0203843
344576.0	0.0203962
344704.0	0.0203911
344832.0	0.020392
344960.0	0.0204167
345088.0	0.0203933
345216.0	0.0203883
345344.0	0.0203906
345472.0	0.0203962
345600.0	0.0203935
345728.0	0.0203875
345856.0	0.0204037
345984.0	0.0203829
346112.0	0.0203862
346240.0	0.0203906
346368.0	0.0203867
346496.0	0.0204026
346624.0	0.0203995
346752.0	0.0203858
346880.0	0.0204003
347008.0	0.0203957
347136.0	0.0203787
347264.0	0.0203919
347392.0	0.0204072
347520.0	0.0203859
347648.0	0.0203801
347776.0	0.020393
347904.0	0.0203797
348032.0	0.0203799
348160.0	0.0203957
348288.0	0.020411
348416.0	0.0203907
348544.0	0.0203842
348672.0	0.0203962
348800.0	0.0203951
348928.0	0.0203689
349056.0	0.0203858
349184.0	0.0204176
349312.0	0.0204007
349440.0	0.0203942
349568.0	0.020369
349696.0	0.0203864
349824.0	0.0203918
349952.0	0.0203881
350080.0	0.0203933
350208.0	0.0203855
350336.0	0.0203884
350464.0	0.0204003
350592.0	0.0203896
350720.0	0.020401
350848.0	0.0204029
350976.0	0.0203861
351104.0	0.0203861
351232.0	0.020392
351360.0	0.0203953
351488.0	0.0203937
351616.0	0.0203977
351744.0	0.0203825
351872.0	0.0203874
352000.0	0.02039
352128.0	0.0204053
352256.0	0.0203909
352384.0	0.0203865
352512.0	0.020386
352640.0	0.0203943
352768.0	0.0203784
352896.0	0.0204073
353024.0	0.0203942
353152.0	0.0203914
353280.0	0.0203923
353408.0	0.0203857
353536.0	0.0203818
353664.0	0.0203994
353792.0	0.0203811
353920.0	0.0203895
354048.0	0.0203996
354176.0	0.0204019
354304.0	0.020404
354432.0	0.0203838
354560.0	0.0203947
354688.0	0.0203946
354816.0	0.0203771
354944.0	0.0203993
355072.0	0.0203843
355200.0	0.0203933
355328.0	0.0203773
355456.0	0.0203865
355584.0	0.0203857
355712.0	0.0203875
355840.0	0.020386
355968.0	0.0203947
356096.0	0.0203948
356224.0	0.0204073
356352.0	0.0203907
356480.0	0.0203942
356608.0	0.0203847
356736.0	0.0203867
356864.0	0.0203974
356992.0	0.0203967
357120.0	0.0203717
357248.0	0.0203875
357376.0	0.0203883
357504.0	0.020394
357632.0	0.0204088
357760.0	0.0203919
357888.0	0.0203842
358016.0	0.0203832
358144.0	0.020391
358272.0	0.0203974
358400.0	0.0203852
358528.0	0.0203814
358656.0	0.0203889
358784.0	0.0203841
358912.0	0.0204139
359040.0	0.0203893
359168.0	0.0203862
359296.0	0.0203959
359424.0	0.0203961
359552.0	0.0203897
359680.0	0.0203985
359808.0	0.0203943
359936.0	0.0203846
360064.0	0.0204086
360192.0	0.0203969
360320.0	0.0203885
360448.0	0.0203944
360576.0	0.0203841
360704.0	0.0204013
360832.0	0.0203885
360960.0	0.0203749
361088.0	0.0204162
361216.0	0.0203951
361344.0	0.0203704
361472.0	0.0204227
361600.0	0.0203879
361728.0	0.0203815
361856.0	0.0203943
361984.0	0.0204014
362112.0	0.0204022
362240.0	0.0203948
362368.0	0.0203924
362496.0	0.020401
362624.0	0.0203831
362752.0	0.0203786
362880.0	0.0203856
363008.0	0.0203702
363136.0	0.0204094
363264.0	0.0203956
363392.0	0.020389
363520.0	0.0203906
363648.0	0.0203902
363776.0	0.0203757
363904.0	0.020391
364032.0	0.0203807
364160.0	0.0204053
364288.0	0.0203834
364416.0	0.0203845
364544.0	0.0203968
364672.0	0.0204038
364800.0	0.020401
364928.0	0.0204017
365056.0	0.0203924
365184.0	0.0203927
365312.0	0.020401
365440.0	0.0203895
365568.0	0.0203882
365696.0	0.0204093
365824.0	0.0203843
365952.0	0.0203952
366080.0	0.0203954
366208.0	0.0203819
366336.0	0.0204042
366464.0	0.0203867
366592.0	0.0204063
366720.0	0.0203907
366848.0	0.0203748
366976.0	0.0203813
367104.0	0.0203784
367232.0	0.0203953
367360.0	0.020398
367488.0	0.0203886
367616.0	0.0203834
367744.0	0.020379
367872.0	0.0203856
368000.0	0.020392
368128.0	0.0203856
368256.0	0.0204088
368384.0	0.0204124
368512.0	0.0203902
368640.0	0.0203928
368768.0	0.0203817
368896.0	0.0203933
369024.0	0.0203986
369152.0	0.0203987
369280.0	0.0203829
369408.0	0.0203936
369536.0	0.0203899
369664.0	0.0203967
369792.0	0.0203882
369920.0	0.0204088
370048.0	0.0203926
370176.0	0.0203887
370304.0	0.0203928
370432.0	0.0203883
370560.0	0.0203966
370688.0	0.0203861
370816.0	0.0204081
370944.0	0.0203939
371072.0	0.0203904
371200.0	0.0203856
371328.0	0.0203812
371456.0	0.020404
371584.0	0.020402
371712.0	0.0203942
371840.0	0.0203989
371968.0	0.0203928
372096.0	0.0203926
372224.0	0.0204063
372352.0	0.020386
372480.0	0.0203916
372608.0	0.0203886
372736.0	0.0203847
372864.0	0.0203931
372992.0	0.0203965
373120.0	0.0203894
373248.0	0.0203978
373376.0	0.0203834
373504.0	0.0203975
373632.0	0.0203839
373760.0	0.0203906
373888.0	0.0203909
374016.0	0.0203876
374144.0	0.0203975
374272.0	0.0203817
374400.0	0.0203891
374528.0	0.0203924
374656.0	0.0203912
374784.0	0.0204018
374912.0	0.0203736
375040.0	0.0203929
375168.0	0.0203834
375296.0	0.0204069
375424.0	0.0203941
375552.0	0.020386
375680.0	0.0203909
375808.0	0.0203909
375936.0	0.0203879
376064.0	0.02039
376192.0	0.0203735
376320.0	0.0203802
376448.0	0.0204032
376576.0	0.02041
376704.0	0.0203889
376832.0	0.0203869
376960.0	0.0203847
377088.0	0.020406
377216.0	0.020389
377344.0	0.0203975
377472.0	0.020385
377600.0	0.020377
377728.0	0.0203922
377856.0	0.020388
377984.0	0.0203828
378112.0	0.0203756
378240.0	0.020416
378368.0	0.0203898
378496.0	0.0203949
378624.0	0.0203928
378752.0	0.020384
378880.0	0.02039
379008.0	0.0204067
379136.0	0.0203938
379264.0	0.0203829
379392.0	0.0203866
379520.0	0.0203791
379648.0	0.0203938
379776.0	0.0203939
379904.0	0.0204109
380032.0	0.0203857
380160.0	0.020393
380288.0	0.0203932
380416.0	0.0203855
380544.0	0.0203992
380672.0	0.0204
380800.0	0.0203899
380928.0	0.020397
381056.0	0.0203903
381184.0	0.0203789
381312.0	0.0203711
381440.0	0.0203849
381568.0	0.0204001
381696.0	0.0203926
381824.0	0.0203762
381952.0	0.0204006
382080.0	0.0203828
382208.0	0.0203947
382336.0	0.0203836
382464.0	0.0203925
382592.0	0.0203895
382720.0	0.0203971
382848.0	0.0203975
382976.0	0.0203918
383104.0	0.0203778
383232.0	0.0203905
383360.0	0.0204034
383488.0	0.0203845
383616.0	0.0203805
383744.0	0.0203913
383872.0	0.0204026
384000.0	0.0203846
384128.0	0.020405
384256.0	0.0203979
384384.0	0.0203867
384512.0	0.0203873
384640.0	0.0203779
384768.0	0.020404
384896.0	0.0203947
385024.0	0.020393
385152.0	0.0204024
385280.0	0.0203914
385408.0	0.0203767
385536.0	0.0203917
385664.0	0.0203855
385792.0	0.0203955
385920.0	0.0203818
386048.0	0.0203776
386176.0	0.0204031
386304.0	0.0203845
386432.0	0.0204052
386560.0	0.0203875
386688.0	0.0203886
386816.0	0.0203814
386944.0	0.0204098
387072.0	0.0203987
387200.0	0.0203737
387328.0	0.0203902
387456.0	0.0203802
387584.0	0.0204063
387712.0	0.020394
387840.0	0.0204031
387968.0	0.0203905
388096.0	0.0203945
388224.0	0.020389
388352.0	0.0203919
388480.0	0.0203987
388608.0	0.0203977
388736.0	0.0203844
388864.0	0.0203858
388992.0	0.0203861
389120.0	0.0204113
389248.0	0.0203908
389376.0	0.0203878
389504.0	0.0203933
389632.0	0.0203893
389760.0	0.020393
389888.0	0.0203999
390016.0	0.0203815
390144.0	0.0203718
390272.0	0.020373
390400.0	0.020389
390528.0	0.020386
390656.0	0.0203878
390784.0	0.02041
390912.0	0.0204042
391040.0	0.0203865
391168.0	0.0203889
391296.0	0.0203959
391424.0	0.020389
391552.0	0.0203937
391680.0	0.0203907
391808.0	0.0203806
391936.0	0.0203718
392064.0	0.0203892
392192.0	0.0204046
392320.0	0.0204015
392448.0	0.0203874
392576.0	0.0203908
392704.0	0.0203904
392832.0	0.0204009
392960.0	0.0203834
393088.0	0.0203943
393216.0	0.0203793
393344.0	0.0203889
393472.0	0.0203747
393600.0	0.0204153
393728.0	0.0204013
393856.0	0.0204032
393984.0	0.0203822
394112.0	0.0203861
394240.0	0.0204011
394368.0	0.0203958
394496.0	0.0203903
394624.0	0.0203895
394752.0	0.0203893
394880.0	0.0204054
395008.0	0.0203929
395136.0	0.0203906
395264.0	0.0203871
395392.0	0.0203789
395520.0	0.0203921
395648.0	0.0203785
395776.0	0.0204068
395904.0	0.0204001
396032.0	0.0203896
396160.0	0.0203966
396288.0	0.0203902
396416.0	0.0203801
396544.0	0.0203939
396672.0	0.0203911
396800.0	0.0203927
396928.0	0.020388
397056.0	0.0204022
397184.0	0.0203895
397312.0	0.0203819
397440.0	0.0203922
397568.0	0.020384
397696.0	0.0203826
397824.0	0.0204059
397952.0	0.0203939
398080.0	0.0203879
398208.0	0.0203815
398336.0	0.0203868
398464.0	0.0203802
398592.0	0.0204034
398720.0	0.0203794
398848.0	0.0203935
398976.0	0.0203835
399104.0	0.0203875
399232.0	0.0203903
399360.0	0.0203935
399488.0	0.0203978
399616.0	0.0203887
399744.0	0.0204048
399872.0	0.0203946
400000.0	0.0203824
400128.0	0.020378
400256.0	0.0204075
400384.0	0.0203914
400512.0	0.0203935
400640.0	0.0203892
400768.0	0.0204012
400896.0	0.0203882
401024.0	0.0203882
401152.0	0.0203911
401280.0	0.0203823
401408.0	0.0203894
401536.0	0.0203915
401664.0	0.0203787
401792.0	0.0203906
401920.0	0.0203986
402048.0	0.0203838
402176.0	0.0203895
402304.0	0.0204173
402432.0	0.020391
402560.0	0.0203875
402688.0	0.0203879
402816.0	0.0203958
402944.0	0.0203859
403072.0	0.0203996
403200.0	0.0203812
403328.0	0.0203857
403456.0	0.0203949
403584.0	0.0204014
403712.0	0.0203847
403840.0	0.0203887
403968.0	0.0203996
404096.0	0.0203901
404224.0	0.0204013
404352.0	0.0203959
404480.0	0.0203931
404608.0	0.020391
404736.0	0.0203916
404864.0	0.0203819
404992.0	0.0203849
405120.0	0.0203965
405248.0	0.0203941
405376.0	0.0203969
405504.0	0.020395
405632.0	0.0203937
405760.0	0.0203906
405888.0	0.0203945
406016.0	0.0203905
406144.0	0.0203863
406272.0	0.0203941
406400.0	0.0203898
406528.0	0.0203969
406656.0	0.0203918
406784.0	0.0203969
406912.0	0.0203899
407040.0	0.0203925
407168.0	0.0203809
407296.0	0.0203841
407424.0	0.0203973
407552.0	0.0203818
407680.0	0.0203858
407808.0	0.0203768
407936.0	0.0203964
408064.0	0.0203923
408192.0	0.0203977
408320.0	0.020394
408448.0	0.0203873
408576.0	0.0203816
408704.0	0.0203886
408832.0	0.0203949
408960.0	0.020385
409088.0	0.0203995
409216.0	0.0203866
409344.0	0.0203987
409472.0	0.0203916
409600.0	0.0203729
409728.0	0.0203979
409856.0	0.0203887
409984.0	0.0203933
410112.0	0.02039
410240.0	0.0203817
410368.0	0.020407
410496.0	0.0203832
410624.0	0.0203893
410752.0	0.0204055
410880.0	0.0203997
411008.0	0.0203809
411136.0	0.0203864
411264.0	0.0203825
411392.0	0.0203903
411520.0	0.0203938
411648.0	0.0203945
411776.0	0.0203872
411904.0	0.0203889
412032.0	0.020392
412160.0	0.0203972
412288.0	0.0203888
412416.0	0.0203862
412544.0	0.0204016
412672.0	0.0203854
412800.0	0.0203871
412928.0	0.0204072
413056.0	0.0203784
413184.0	0.0203755
413312.0	0.0203785
413440.0	0.0203956
413568.0	0.0203938
413696.0	0.0204045
413824.0	0.0203872
413952.0	0.0203898
414080.0	0.020382
414208.0	0.0203708
414336.0	0.0204057
414464.0	0.0203955
414592.0	0.0203939
414720.0	0.0204025
414848.0	0.0203807
414976.0	0.0203916
415104.0	0.0203899
415232.0	0.0203887
415360.0	0.0203887
415488.0	0.0203895
415616.0	0.0203909
415744.0	0.0203993
415872.0	0.020392
416000.0	0.0203814
416128.0	0.0203954
416256.0	0.0203936
416384.0	0.0203979
416512.0	0.0203796
416640.0	0.0203862
416768.0	0.0203813
416896.0	0.0203822
417024.0	0.0203866
417152.0	0.0204071
417280.0	0.0203919
417408.0	0.0203877
417536.0	0.0203906
417664.0	0.0203827
417792.0	0.0204029
417920.0	0.0203869
418048.0	0.0203962
418176.0	0.0203931
418304.0	0.0203945
418432.0	0.0203906
418560.0	0.02039
418688.0	0.0203774
418816.0	0.0203979
418944.0	0.0203857
419072.0	0.0203935
419200.0	0.0203939
419328.0	0.0203936
419456.0	0.0203943
419584.0	0.0203945
419712.0	0.0203867
419840.0	0.0203972
419968.0	0.0203845
420096.0	0.0203821
420224.0	0.0204
420352.0	0.0203807
420480.0	0.0204179
420608.0	0.0203883
420736.0	0.0203931
420864.0	0.0203971
420992.0	0.020386
421120.0	0.0203831
421248.0	0.0203818
421376.0	0.0203916
421504.0	0.0204039
421632.0	0.0203849
421760.0	0.0203998
421888.0	0.0203906
422016.0	0.020388
422144.0	0.0203972
422272.0	0.0203918
422400.0	0.0203923
422528.0	0.0204011
422656.0	0.0203772
422784.0	0.0203839
422912.0	0.0204021
423040.0	0.0203958
423168.0	0.0203952
423296.0	0.0203923
423424.0	0.0203912
423552.0	0.0203856
423680.0	0.0204008
423808.0	0.0203853
423936.0	0.0203859
424064.0	0.0203766
424192.0	0.0203915
424320.0	0.020384
424448.0	0.0203921
424576.0	0.0203965
424704.0	0.0203903
424832.0	0.02039
424960.0	0.020395
425088.0	0.0203809
425216.0	0.0203802
425344.0	0.0203989
425472.0	0.020379
425600.0	0.0203942
425728.0	0.020399
425856.0	0.0204032
425984.0	0.0203921
426112.0	0.0203855
426240.0	0.0203883
426368.0	0.0203771
426496.0	0.0204027
426624.0	0.0203805
426752.0	0.0204011
426880.0	0.0203892
427008.0	0.0203988
